t Wilson Newmark1 Newmark2 Newmark3 Central Difference Constant Approximation Linear Approximation Analytical
0.000000 200.000000 200.000000 200.000000 200.000000 200.000000 200.000000 200.000000 193.818746
0.005000 193.353516 192.003532 193.188377 194.378942 194.366964 194.379958 194.379958 182.901166
0.010000 182.358067 181.451436 182.470053 183.518436 183.509392 183.547078 183.547078 167.168905
0.015000 166.821966 166.210406 166.971176 167.766446 167.799534 167.872083 167.872083 147.123297
0.020000 147.072231 146.808052 147.187290 147.600735 147.736706 147.852202 147.852202 123.375523
0.025000 123.657154 123.842847 123.714990 123.614552 123.931816 124.095790 124.095790 96.628308
0.030000 97.248081 97.997680 97.241880 96.499327 97.089063 97.304144 97.304144 67.655396
0.035000 68.596621 70.019575 68.526633 67.024858 67.985359 68.251057 68.251057 37.279408
0.040000 38.506691 40.698469 38.377466 36.017559 37.448065 37.760683 37.760683 6.348704
0.045000 7.810211 10.845239 7.629588 4.337384 6.331672 6.684365 6.684365 -24.286112
0.050000 -22.656269 -18.730416 -22.877750 -27.145933 -24.505925 -24.122955 -24.122955 -53.795382
0.055000 -52.074348 -47.241637 -52.323985 -57.576670 -54.226893 -53.826068 -53.826068 -81.392667
0.060000 -79.665634 -73.945048 -79.929137 -86.136287 -82.036046 -81.631965 -81.631965 -106.355511
0.065000 -104.712173 -98.159838 -104.974285 -112.065360 -107.201931 -106.810822 -106.810822 -128.044135
0.070000 -126.574950 -119.284802 -126.820101 -134.683675 -129.075876 -128.714963 -128.714963 -145.917609
0.075000 -144.709994 -136.812934 -144.922964 -153.407978 -147.108496 -146.795307 -146.795307 -159.547084
0.080000 -158.681685 -150.343210 -158.848252 -167.766896 -160.863250 -160.614893 -160.614893 -168.625766
0.085000 -168.172946 -159.589313 -168.280500 -177.412665 -170.026719 -169.859154 -169.859154 -172.975422
0.090000 -172.992098 -164.385119 -173.030191 -182.129378 -174.415381 -174.342710 -174.342710 -172.549287
0.095000 -173.076223 -164.686860 -173.037043 -181.837554 -173.978728 -174.012541 -174.012541 -167.431339
0.100000 -168.491019 -160.571968 -168.369764 -176.594946 -168.798721 -168.947510 -168.947510 -157.832039
0.105000 -159.427181 -152.234694 -159.222319 -166.593605 -159.085626 -159.354300 -159.354300 -144.080676
0.110000 -146.193460 -139.978683 -145.906873 -152.153310 -145.170411 -145.559930 -145.559930 -126.614604
0.115000 -129.206644 -124.206761 -128.843642 -133.711588 -127.493963 -128.001104 -128.001104 -105.965696
0.120000 -108.978764 -105.408255 -108.547971 -111.810625 -106.593449 -107.210717 -107.210717 -82.744428
0.125000 -86.101918 -84.144245 -85.615036 -87.081453 -83.086260 -83.801953 -83.801953 -57.622066
0.130000 -61.231152 -61.031170 -60.702603 -60.225876 -57.651987 -58.450410 -58.450410 -31.311466
0.135000 -35.065889 -36.723263 -34.512352 -31.996647 -31.012968 -31.874798 -31.874798 -4.547038
0.140000 -8.330424 -11.894311 -7.770288 -3.176457 -3.913947 -4.816736 -4.816736 21.935586
0.145000 18.245961 12.780766 18.793222 25.443688 22.898585 21.979781 21.979781 47.419591
0.150000 43.948747 36.644011 44.463246 53.086096 48.696793 47.788682 47.788682 71.226219
0.155000 68.097231 59.071729 68.559370 79.007444 72.791098 71.921334 71.921334 92.732669
0.160000 90.062404 79.490543 90.453578 102.518689 94.548448 93.744754 93.744754 111.388212
0.165000 109.283171 97.391792 109.586453 123.003292 113.408778 112.698047 112.698047 126.728089
0.170000 125.280514 112.343921 125.481292 139.933302 128.899243 128.306634 128.306634 138.384866
0.175000 137.669230 124.002575 137.755782 152.882850 140.645862 140.193923 140.193923 146.096963
0.180000 146.166976 132.118165 146.130956 161.538741 148.382287 148.090149 148.090149 149.714172
0.185000 150.600406 136.540742 150.437224 165.707862 151.955521 151.838168 151.838168 149.200061
0.190000 150.908283 137.222127 150.617370 165.321252 151.328439 151.396104 151.396104 144.631236
0.195000 147.141522 134.215257 146.726462 160.434743 146.579130 146.836816 146.836816 135.782076
0.200000 139.460206 127.670846 138.928735 151.226203 137.897085 138.344246 138.344246 121.711549
0.205000 125.674840 115.366811 125.020951 135.512891 123.094555 123.777053 123.736349 104.137650
0.210000 108.698363 100.237150 107.953245 116.264135 105.146350 106.083893 105.970221 83.991622
0.215000 89.033999 82.710305 88.217358 94.039473 84.588124 85.792055 85.575607 61.863934
0.220000 67.250572 63.301694 66.385241 69.473949 62.019008 63.491955 63.146154 38.387126
0.225000 43.965995 42.566950 43.077066 43.260062 38.084338 39.820142 39.322320 14.220881
0.230000 19.829822 21.086656 18.943868 16.128332 13.457360 15.441283 14.773243 -9.966338
0.235000 -4.494737 -0.549685 -5.350491 -11.172982 -11.179549 -8.970341 -9.821896 -33.515631
0.240000 -28.348909 -21.759605 -29.147436 -37.898441 -35.153649 -32.749345 -33.792521 -55.795453
0.245000 -51.096065 -41.983144 -51.811395 -63.325706 -57.820055 -55.257231 -56.494798 -76.218393
0.250000 -72.138571 -60.697412 -72.746632 -86.774988 -78.578948 -75.899393 -77.328785 -94.256507
0.255000 -90.933348 -77.429894 -91.412761 -107.627141 -96.891287 -94.140671 -95.754134 -109.454783
0.260000 -107.005737 -91.770146 -107.338538 -125.339928 -112.292651 -109.519069 -111.303948 -121.442433
0.265000 -119.961320 -103.379604 -120.133584 -139.462028 -124.404828 -121.657272 -123.596428 -129.941707
0.270000 -129.495403 -111.999288 -129.497757 -149.644425 -132.944894 -130.271697 -132.344037 -134.774048
0.275000 -135.399952 -117.455223 -135.227952 -155.648904 -137.731549 -135.178856 -137.359964 -135.863450
0.280000 -137.567811 -119.661480 -137.222170 -157.353430 -138.688597 -136.298900 -138.561755 -133.236976
0.285000 -135.994145 -118.620802 -135.480811 -154.754328 -135.845496 -133.656292 -135.972035 -127.022454
0.290000 -130.775106 -114.422844 -130.105174 -147.965195 -129.335024 -127.377622 -129.716376 -117.443473
0.295000 -122.103783 -107.240121 -121.293253 -137.212650 -119.388151 -117.686683 -120.018375 -104.811844
0.300000 -110.263610 -97.321804 -109.332988 -122.829027 -106.326310 -104.896957 -107.192145 -89.517771
0.305000 -95.619420 -84.985595 -94.593178 -105.242277 -90.551309 -89.401784 -91.632445 -72.018039
0.310000 -78.606437 -70.607907 -77.512344 -84.963356 -72.533192 -71.662480 -73.802758 -52.822568
0.315000 -59.717528 -54.612672 -58.585874 -62.571480 -52.796422 -52.194791 -54.221666 -32.479720
0.320000 -39.489082 -37.459076 -38.351815 -38.697666 -31.904765 -31.554055 -33.447929 -11.560792
0.325000 -18.485917 -19.628594 -17.375716 -14.007031 -10.445337 -10.319497 -12.064681 9.355894
0.330000 2.714359 -1.611669 3.765043 10.819672 10.987771 10.921887 9.336807 29.700840
0.335000 23.537115 16.105595 24.497021 35.104752 31.809806 31.591438 30.173347 48.928747
0.340000 43.426149 33.054370 44.266149 58.192012 51.461190 51.134471 49.885606 66.532996
0.345000 61.858427 48.795330 62.552416 79.464411 69.422422 69.035035 67.952992 82.058854
0.350000 78.357715 62.929861 78.883415 98.360484 85.227686 84.829403 83.907269 95.115073
0.355000 92.506747 75.109957 92.846419 114.389088 98.476786 98.117950 97.344557 105.383579
0.360000 103.957640 85.046581 104.098661 127.142078 108.845118 108.575100 107.935390 112.627021
0.365000 112.440276 92.516284 112.375572 136.304605 116.091436 115.957124 115.432618 116.694016
0.370000 117.768471 97.365944 117.496796 141.662762 120.063230 120.107590 119.676938 117.521966
0.375000 119.843796 99.515522 119.369840 143.108410 120.699597 120.960354 120.599960 115.137413
0.380000 118.656967 98.958823 117.991289 140.641071 118.031577 118.540055 118.224751 109.653971
0.385000 114.286822 95.762253 113.445612 134.366871 112.179972 112.960124 112.663880 101.267910
0.390000 106.896921 90.061659 105.901599 124.494588 103.350742 104.418403 104.115048 90.251560
0.395000 96.729929 82.057369 95.606581 111.328944 91.828150 93.190538 92.854474 27.743619
0.400000 84.099925 72.007601 82.878603 95.261352 77.965861 79.621335 79.228226 -32.716114
0.405000 -26.278653 -35.902051 -28.257168 -19.828192 -34.616113 -30.645862 -32.705885 -41.537041
0.410000 -36.224329 -41.032606 -37.602118 -34.169995 -45.344677 -39.929318 -43.306356 -49.104894
0.415000 -45.068961 -46.188161 -46.402968 -47.438315 -54.679588 -47.990456 -52.573411 -55.221001
0.420000 -52.576411 -49.993576 -53.818847 -59.282367 -62.386228 -54.627451 -60.273992 -59.740830
0.425000 -58.559561 -52.387761 -59.673288 -69.393653 -68.277835 -59.680202 -66.221093 -62.565503
0.430000 -62.877828 -53.333260 -63.830811 -77.513948 -72.219912 -63.034077 -70.278181 -63.643800
0.435000 -65.438326 -52.832316 -66.203762 -83.441834 -74.133137 -64.622386 -72.362184 -62.972825
0.440000 -66.197138 -50.925869 -66.753966 -87.037621 -73.994725 -64.427493 -72.444978 -60.597359
0.445000 -65.159635 -47.691724 -65.493038 -88.226542 -71.838236 -62.480589 -70.553356 -56.607915
0.450000 -62.379575 -43.241768 -62.481344 -87.000141 -67.751833 -58.860134 -66.767498 -51.137577
0.455000 -57.956952 -37.718319 -57.825666 -83.415844 -61.875092 -53.689029 -61.218015 -44.357740
0.460000 -52.034627 -31.289742 -51.675642 -77.594744 -54.394435 -47.130630 -54.081660 -36.472854
0.465000 -44.793861 -24.145440 -44.219102 -69.717663 -45.537369 -39.383708 -45.575841 -27.714359
0.470000 -36.448874 -16.490380 -35.676437 -60.019634 -35.565673 -30.676518 -35.952114 -18.333977
0.475000 -27.240591 -8.539311 -26.294175 -48.782964 -24.767759 -21.260161 -25.488828 -8.596546
0.480000 -17.429765 -0.510822 -16.337944 -36.329064 -13.450406 -11.401408 -14.483164 1.227385
0.485000 -7.289658 7.378582 -6.085016 -23.009312 -1.930122 -1.375207 -3.242760 10.869015
0.490000 2.901509 14.920241 4.183349 -9.195179 9.475639 8.542924 7.922817 20.068579
0.495000 12.868135 21.918781 14.189562 4.732088 20.457156 18.084409 18.710532 28.582284
0.500000 22.344626 28.197090 23.667145 18.391953 30.720788 26.994829 28.832040 36.188710
0.505000 31.082423 33.600719 32.367771 31.414947 39.996753 35.040647 38.021326 42.694494
0.510000 38.856459 38.001581 40.067705 43.452628 48.046150 42.015265 46.041629 47.939172
0.515000 45.470890 41.300889 46.573496 54.186857 54.667030 47.744261 52.691464 51.799053
0.520000 50.763960 43.431234 51.726756 63.338169 59.699375 52.089670 57.809598 54.190023
0.525000 54.611874 44.357802 55.407932 70.673002 63.028858 54.953219 61.278859 55.069242
0.530000 56.931592 44.078682 57.538972 76.009599 64.589299 56.278420 63.028686 54.435679
0.535000 57.682484 42.624292 58.084830 79.222449 64.363776 56.051506 63.036376 52.329513
0.540000 56.866816 40.055947 57.053787 80.245145 62.384368 54.301186 61.327004 48.830407
0.545000 54.529074 36.463635 54.496598 79.071603 58.730572 51.097247 57.972054 44.054749
0.550000 50.754159 31.963053 50.504506 75.755633 53.526441 46.548055 53.086790 38.151918
0.555000 45.664515 26.692026 45.206186 70.408873 46.936554 40.797043 46.826486 31.299722
0.560000 39.416289 20.806390 38.763729 63.197175 39.160931 34.018299 39.381616 23.699125
0.565000 32.194634 14.475479 31.367776 54.335548 30.429061 26.411376 30.972151 15.568421
0.570000 24.208303 7.877328 23.231955 44.081809 20.993208 18.195486 21.841146 7.137033
0.575000 15.683675 1.193745 14.586775 32.729137 11.121193 9.603250 12.247778 -1.360910
0.580000 6.858398 -5.394636 5.673157 20.597734 1.088856 0.874159 2.460057 -9.693010
0.585000 -2.025181 -11.713165 -3.264229 8.025831 -8.827587 -7.752041 -7.252603 -17.634911
0.590000 -10.726623 -17.597745 -11.983622 -4.639703 -18.359097 -16.041888 -16.626745 -24.976279
0.595000 -19.013851 -22.899023 -20.252662 -17.052898 -27.251047 -23.774471 -25.411954 -31.526320
0.600000 -26.669293 -27.486113 -27.854531 -28.878099 -35.269965 -30.747262 -33.377492 -37.118679
0.605000 -33.495537 -31.249744 -34.593580 -39.799006 -42.209603 -36.781369 -40.318296 -41.615597
0.610000 -39.320373 -34.104783 -40.300308 -49.527099 -47.896174 -41.726062 -46.060188 -44.911232
0.615000 -44.001070 -35.992051 -44.835561 -57.809223 -52.192618 -45.462474 -50.464178 -46.934053
0.620000 -47.427807 -36.879414 -48.093851 -64.434132 -55.001819 -47.906372 -53.429730 -47.648271
0.625000 -49.526158 -36.762133 -50.005713 -69.237827 -56.268672 -49.009951 -54.896950 -47.054270
0.630000 -50.258596 -35.662464 -50.539064 -72.107553 -55.980979 -48.762606 -54.847621 -45.188052
0.635000 -49.624972 -33.628554 -49.699519 -72.984362 -54.169157 -47.190684 -53.305100 -42.119710
0.640000 -47.661985 -30.732655 -47.529699 -71.864186 -50.904792 -44.356224 -50.333075 -37.951010
0.645000 -44.441660 -27.068731 -44.107536 -68.797398 -46.298088 -40.354756 -46.033243 -32.812134
0.650000 -40.068903 -22.749529 -39.543660 -63.886901 -40.494293 -35.312209 -40.541995 -26.857711
0.655000 -34.678196 -17.903200 -33.977935 -57.284802 -33.669229 -29.381038 -34.026192 -20.262230
0.660000 -28.429545 -12.669577 -27.575250 -49.187779 -26.024046 -22.735693 -26.678177 -13.214991
0.665000 -21.503801 -7.196205 -20.520713 -39.831279 -17.779365 -15.567542 -18.710171 -5.914729
0.670000 -14.097480 -1.634240 -13.014346 -29.482719 -9.168972 -8.079414 -10.348202 1.435948
0.675000 -6.417241 3.865662 -5.265473 -18.433882 -0.433241 -0.479912 -1.825746 8.636126
0.680000 1.325839 9.157376 2.513074 -6.992730 8.187519 7.022358 6.622738 15.492037
0.685000 8.922014 14.103132 10.110751 4.525153 16.459625 14.224463 14.768208 21.822220
0.690000 16.168513 18.577048 17.324958 15.805230 24.162308 20.934593 22.393200 27.462282
0.695000 22.874907 22.468276 23.966399 26.542570 31.093545 26.977124 29.297585 32.269110
0.700000 28.868067 25.683682 29.863995 36.450058 37.075309 32.197161 35.303764 36.124449
0.705000 33.996586 28.150007 34.869246 45.266042 41.958076 36.464463 40.261181 38.937743
0.710000 38.134553 29.815446 38.859915 52.761209 45.624497 39.676628 44.050032 40.648183
0.715000 41.184577 30.650633 41.742944 58.744506 47.992132 41.761480 46.584078 41.225910
0.720000 43.080013 30.648996 43.456545 63.067968 49.015196 42.678596 47.812513 40.672358
0.725000 43.786310 29.826503 43.971419 65.630317 48.685274 42.419944 47.720828 39.019746
0.730000 43.301487 28.220802 43.291069 66.379262 47.031013 41.009637 46.330680 36.329727
0.735000 41.655719 25.889802 41.451234 65.312431 44.116797 38.502802 43.698782 32.691269
0.740000 38.910058 22.909738 38.518454 62.476943 40.040474 34.983636 39.914842 28.217815
0.745000 35.154347 19.372774 34.587824 57.967630 34.930197 30.562685 35.098647 23.043826
0.750000 30.504381 15.384242 29.780010 51.923982 28.940486 25.373454 29.396361 17.320798
0.755000 25.098413 11.059560 24.237623 44.525897 22.247628 19.568436 22.976160 11.212882
0.760000 19.093101 6.520954 18.121041 35.988386 15.044547 13.314682 16.023335 4.892221
0.765000 12.659021 1.894055 11.603824 26.555360 7.535297 6.789041 8.734994 -1.465859
0.770000 5.975863 -2.695533 4.867834 16.492703 -0.070674 0.173202 1.314523 -7.687669
0.775000 -0.772541 -7.125594 -1.901801 6.080806 -7.564315 -6.351327 -6.034047 -13.605863
0.780000 -7.403242 -11.280511 -8.521732 -4.393214 -14.742677 -12.608161 -13.111602 -19.063899
0.785000 -13.739090 -15.054236 -14.815319 -14.643401 -21.414364 -18.430765 -19.729303 -23.920136
0.790000 -19.613428 -18.352949 -20.617301 -24.392743 -27.404591 -23.666848 -25.713574 -28.051465
0.795000 -24.874443 -21.097338 -25.778097 -33.380624 -32.559712 -28.182308 -30.910613 -31.356384
0.800000 -29.389041 -23.224446 -30.167618 -41.369765 -36.751114 -31.864613 -35.190293 -33.757426
0.805000 -33.046170 -24.689047 -33.678500 -48.152454 -39.878357 -34.625560 -38.449361 -35.202915
0.810000 -35.759500 -25.464521 -36.228669 -53.555911 -41.871512 -36.403321 -40.613863 -35.667972
0.815000 -37.469397 -25.543209 -37.763197 -57.446648 -42.692626 -37.163746 -41.640731 -35.154794
0.820000 -38.144145 -24.936263 -38.255384 -59.733714 -42.336296 -36.900889 -41.518508 -33.692178
0.825000 -37.780404 -23.672986 -37.707079 -60.370749 -40.829339 -35.636761 -40.267201 -31.334338
0.830000 -36.402891 -21.799701 -36.148203 -59.356809 -38.229597 -33.420328 -37.937281 -28.159043
0.835000 -34.063311 -19.378189 -33.635545 -56.735930 -34.623907 -30.325782 -34.607865 -24.265138
0.840000 -30.838576 -16.483737 -30.250830 -52.595492 -30.125306 -26.450156 -30.384145 -19.769541
0.845000 -26.828367 -13.202869 -26.098152 -47.063399 -24.869568 -21.910349 -25.394146 -14.803778
0.850000 -22.152120 -9.630810 -21.300838 -40.304197 -19.011168 -16.839655 -19.784903 -9.510185
0.855000 -16.945521 -5.868774 -15.997834 -32.514225 -12.718789 -11.383891 -13.718187 -4.037868
0.860000 -11.356612 -2.021136 -10.339729 -23.915950 -6.170516 -5.697249 -7.365880 1.461461
0.865000 -5.541623 1.807423 -4.484518 -14.751646 0.451167 0.062033 -0.905147 6.837655
0.870000 0.339364 5.514722 1.406779 -5.276600 6.964419 5.736030 5.486465 11.946193
0.875000 6.126781 9.003775 7.174502 4.247976 13.193000 11.171436 11.635866 16.652033
0.880000 11.665878 12.185285 12.664650 13.562118 18.970999 16.223667 17.379080 20.833145
0.885000 16.810819 14.979893 17.732956 22.414178 24.147215 20.760676 22.565571 24.383636
0.890000 21.428498 17.320111 22.248645 30.567600 28.589068 24.666364 27.062154 27.216388
0.895000 25.401936 19.151906 26.097766 37.807214 32.185955 27.843514 30.756366 29.265146
0.900000 28.633211 20.435890 29.186031 43.944881 34.851943 30.216162 33.559234 30.486008
0.905000 31.045824 21.148097 31.441072 48.824354 36.527762 31.731361 35.407351 30.858277
0.910000 32.586455 21.280332 32.814079 52.325216 37.182033 32.360287 36.264239 30.384677
0.915000 33.226067 20.840090 33.280777 54.365804 36.811722 32.098674 36.120944 29.090924
0.920000 32.960342 19.850053 32.841724 54.905047 35.441810 30.966571 34.995887 27.024673
0.925000 31.809442 18.347201 31.521937 53.943185 33.124207 29.007452 32.933962 24.253893
0.930000 29.817115 16.381543 29.369858 51.521347 29.935939 26.286680 30.004929 20.864706
0.935000 27.049174 14.014532 26.455707 47.720028 25.976685 22.889417 26.301152 16.958766
0.940000 23.591408 11.317203 22.869272 42.656501 21.365725 18.918016 21.934759 12.650257
0.945000 19.546980 8.368084 18.717192 36.481261 16.238399 14.488980 17.034297 8.062595
0.950000 15.033396 5.250955 14.119840 29.373589 10.742182 9.729588 11.740992 3.324926
0.955000 10.179126 2.052500 9.207865 21.536388 5.032475 4.774268 6.204724 -1.431476
0.960000 5.119990 -1.140069 4.118518 13.190415 -0.731743 -0.239165 0.579813 -6.076818
0.965000 -0.004621 -4.241353 -1.008151 4.568095 -6.392317 -5.173316 -4.979247 -10.486297
0.970000 -5.055549 -7.170028 -6.033122 -4.092934 -11.796216 -9.894941 -10.321997 -14.543423
0.975000 -9.897620 -9.850938 -10.822136 -12.556338 -16.799635 -14.278521 -15.306054 -18.143068
0.980000 -14.403234 -12.216992 -15.249264 -20.593521 -21.271793 -18.209563 -19.800871 -21.194149
0.985000 -18.455697 -14.210811 -19.200176 -27.989768 -25.098308 -21.587566 -23.691122 -23.621906
0.990000 -21.952214 -15.786077 -22.575068 -34.549961 -28.184088 -24.328549 -26.879622 -25.369679
0.995000 -24.806458 -16.908561 -25.291147 -40.103699 -30.455640 -26.367100 -29.289710 -26.400185
1.000000 -26.950665 -17.556816 -27.284615 -44.509692 -31.862769 -27.657889 -30.867040 -26.696234
1.005000 -28.337196 -17.722504 -28.512123 -47.659324 -32.379606 -28.176613 -31.580736 -26.260896
1.010000 -28.939527 -17.410367 -28.951638 -49.479284 -32.004965 -27.920350 -31.423895 -25.117110
1.015000 -28.752672 -16.637859 -28.602734 -49.933214 -30.762013 -26.907328 -30.413425 -23.306754
1.020000 -27.792996 -15.434431 -27.486289 -49.022331 -28.697286 -25.176122 -28.589237 -20.889225
1.025000 -26.097478 -13.840513 -25.643609 -46.785021 -25.879081 -22.784312 -26.012830 -17.939550
1.030000 -23.722410 -11.906227 -23.135015 -43.295424 -22.395272 -19.806632 -22.765296 -14.546109
1.035000 -20.741605 -9.689856 -20.037944 -38.661057 -18.350630 -16.332691 -18.944831 -10.808025
1.040000 -17.244155 -7.256130 -16.444599 -33.019553 -13.863716 -12.464312 -14.663810 -6.832306
1.045000 -13.331808 -4.674368 -12.459252 -26.534616 -9.063445 -8.312586 -10.045522 -2.730804
1.050000 -9.116040 -2.016536 -8.195248 -19.391298 -4.085413 -3.994707 -5.220654 1.382895
1.055000 -4.714913 0.644732 -3.771813 -11.790746 0.931896 0.369304 -0.323619 5.396597
1.060000 -0.249791 3.238093 0.689253 -3.944564 5.850938 4.659914 4.511150 9.202530
1.065000 4.157975 5.695380 5.066901 3.931057 10.538847 8.761323 9.152873 12.700212
1.070000 8.390325 7.953368 9.244096 11.621275 14.870996 12.564566 13.477921 15.799078
1.075000 12.335624 9.955371 13.110917 18.918431 18.734280 15.970379 17.373089 18.420795
1.080000 15.891582 11.652640 16.567420 25.627644 22.030035 18.891765 20.738521 20.501207
1.085000 18.967878 13.005515 19.526202 31.571985 24.676523 21.256185 23.490240 21.991873
1.090000 21.488426 13.984314 21.914569 36.597122 26.610917 23.007322 25.562206 22.861140
1.095000 23.393218 14.569940 23.676293 40.575297 27.790745 24.106382 26.907848 23.094758
1.100000 24.639720 14.754188 24.772889 43.408548 28.194749 24.532893 27.501059 22.695998
1.105000 25.203760 14.539761 25.184398 45.031074 27.823160 24.285001 27.336601 21.685302
1.110000 25.079921 13.939989 24.909655 45.410713 26.697381 23.379246 26.429951 20.099463
1.115000 24.281417 12.978267 23.966050 44.549482 24.859092 21.849846 24.816577 17.990377
1.120000 22.839469 11.687242 22.388786 42.483181 22.368823 19.747512 22.550680 15.423403
1.125000 20.802205 10.107757 20.229672 39.280084 19.304022 17.137822 19.703450 12.475374
1.130000 18.233118 8.287605 17.555482 35.038755 15.756698 14.099219 16.360876 9.232336
1.135000 15.209134 6.280116 14.445932 29.885063 11.830699 10.720695 12.621189 5.787063
1.140000 11.818343 4.142623 10.991340 23.968477 7.638703 7.099205 8.592015 2.236429
1.145000 8.157466 1.934847 7.290033 17.457766 3.299014 3.336916 4.387298 -1.321289
1.150000 4.329118 -0.282741 3.445572 10.536205 -1.067749 -0.461654 0.124113 -4.789114
1.155000 0.438960 -2.450559 -0.436117 3.396438 -5.341979 -4.192515 -4.080574 -8.073983
1.160000 -3.407197 -4.511494 -4.249642 -3.764859 -9.408330 -7.755029 -8.113087 -11.089226
1.165000 -7.106250 -6.412379 -7.892983 -10.752384 -13.158807 -11.054608 -11.866089 -13.756831
1.170000 -10.560540 -8.105348 -11.270200 -17.377505 -16.495605 -14.005195 -15.241416 -16.009428
1.175000 -13.680414 -9.549014 -14.293934 -23.463344 -19.333633 -16.531490 -18.152614 -17.791974
1.180000 -16.386524 -10.709454 -16.887642 -28.849471 -21.602650 -18.570841 -20.527126 -19.063056
1.185000 -18.611821 -11.560975 -18.987510 -33.396111 -23.248971 -20.074769 -22.308066 -19.795814
1.190000 -20.303188 -12.086651 -20.543991 -36.987751 -24.236689 -21.010083 -23.455542 -19.978456
1.195000 -21.422671 -12.278601 -21.522935 -39.536044 -24.548399 -21.359561 -23.947495 -19.614346
1.200000 -21.948283 -12.138035 -21.906287 -40.981941 -24.185403 -21.122186 -23.780038 -18.721682
1.205000 -21.874373 -11.675044 -21.692343 -41.297016 -23.167404 -20.312943 -22.967305 -17.332783
1.210000 -21.211540 -10.908164 -20.895560 -40.483929 -21.531701 -18.962173 -21.540798 -15.492985
1.215000 -19.986115 -9.863718 -19.545924 -38.576050 -19.331916 -17.114529 -19.548280 -13.259218
1.220000 -18.239224 -8.574961 -17.687923 -35.636238 -16.636291 -14.827546 -17.052238 -10.698274
1.225000 -16.025470 -7.081058 -15.379129 -31.754844 -13.525616 -12.169895 -14.127967 -7.884843
1.230000 -13.411262 -5.425926 -12.688454 -27.046968 -10.090837 -9.219341 -10.861331 -4.899356
1.235000 -10.472856 -3.656963 -9.694126 -21.649083 -6.430430 -6.060503 -7.346274 -1.825711
1.240000 -7.294161 -1.823714 -6.481436 -15.715100 -2.647600 -2.782442 -3.682144 1.251064
1.245000 -3.964358 0.023498 -3.140338 -9.412006 1.152603 0.523825 0.029095 4.247146
1.250000 -0.575427 1.834932 0.237056 -2.915183 4.866180 3.767836 3.685673 7.082178
1.255000 2.780379 3.562752 3.558988 3.596454 8.393006 6.862134 7.188789 9.681408
1.260000 6.013025 5.162271 6.736532 9.945365 11.639507 9.724612 10.445255 11.977636
1.265000 9.037089 6.593092 9.685956 15.960209 14.521121 12.280669 13.369951 13.912930
1.270000 11.774002 7.820100 12.330903 21.480449 16.964477 14.465132 15.888034 15.440067
1.275000 14.154067 8.814311 14.604352 26.360619 18.909230 16.223895 17.936818 16.523648
1.280000 16.118212 9.553526 16.450289 30.474137 20.309525 17.515232 19.467311 17.140893
1.285000 17.619432 10.022798 17.825062 33.716563 21.135036 18.310757 20.445350 17.282061
1.290000 18.623881 10.214696 18.698379 36.008229 21.371570 18.595996 20.852315 16.950524
1.295000 19.111599 10.129356 19.053936 37.296157 21.021218 18.370588 20.685409 16.162473
1.300000 19.076848 9.774341 18.889647 37.555243 20.102062 17.648085 19.957508 14.946284
1.305000 18.528065 9.164289 18.217503 36.788659 18.647454 16.455379 18.696581 13.341561
1.310000 17.487430 8.320394 17.063036 35.027488 16.704876 14.831783 16.944710 11.397885
1.315000 15.990071 7.269708 15.464436 32.329597 14.334444 12.827774 14.756736 9.173318
1.320000 14.082929 6.044305 13.471334 28.777799 11.607083 10.503456 12.198584 6.732688
1.325000 11.823325 4.680332 11.143299 24.477343 8.602431 7.926789 9.345305 4.145724
1.330000 9.277263 3.216957 8.548081 19.552829 5.406541 5.171615 6.278898 1.485083
1.335000 6.517526 1.695266 5.759660 14.144617 2.109439 2.315570 3.085978 -1.175673
1.340000 3.621615 0.157125 2.856165 8.404851 -1.197394 -0.562090 -0.144651 -3.764092
1.345000 0.669592 -1.355957 -0.082306 2.493191 -4.423540 -3.382672 -3.324449 -6.210794
1.350000 -2.258117 -2.803931 -2.975871 -3.427606 -7.482093 -6.070178 -6.367544 -8.451305
1.355000 -5.082898 -4.149254 -5.747022 -9.196152 -10.291987 -8.553340 -9.193033 -10.427743
1.360000 -7.730037 -5.357846 -8.322684 -14.656812 -12.780121 -10.767489 -11.727117 -12.090297
1.365000 -10.130690 -6.399939 -10.636122 -19.663887 -14.883236 -12.656221 -13.905003 -13.398453
1.370000 -12.223643 -7.250790 -12.628657 -24.085482 -16.549507 -14.172816 -15.672540 -14.321963
1.375000 -13.956865 -7.891250 -14.251127 -27.806964 -17.739783 -15.281367 -16.987543 -14.841511
1.380000 -15.288770 -8.308167 -15.465081 -30.733913 -18.428478 -15.957602 -17.820762 -14.949072
1.385000 -16.189196 -8.494630 -16.243664 -32.794493 -18.604072 -16.189378 -18.156495 -14.647961
1.390000 -16.640052 -8.450028 -16.572168 -33.941184 -18.269218 -15.976833 -17.992818 -13.952571
1.395000 -16.635629 -8.179954 -16.448257 -34.151834 -17.440468 -15.332205 -17.341440 -12.887811
1.400000 -16.182582 -7.695931 -15.881850 -33.430013 -16.147614 -14.279323 -16.227179 -11.488270
1.405000 -15.299570 -7.014994 -14.894674 -31.804656 -14.432690 -12.852792 -14.687105 -9.797130
1.410000 -14.016581 -6.159128 -13.519506 -29.329027 -12.348639 -11.096889 -12.769346 -7.864858
1.415000 -12.373960 -5.154584 -11.799127 -26.079024 -9.957716 -9.064222 -10.531618 -5.747721
1.420000 -10.421173 -4.031097 -9.785023 -22.150882 -7.329646 -6.814173 -8.039516 -3.506166
1.425000 -8.215343 -2.821021 -7.535865 -17.658359 -4.539621 -4.411181 -5.364611 -1.203115
1.430000 -5.819595 -1.558413 -5.115819 -12.729453 -1.666159 -1.922920 -2.582412 1.097794
1.435000 -3.301273 -0.278091 -2.592739 -7.502777 1.211082 0.581601 0.229742 3.333940
1.440000 -0.730059 0.985318 -0.036274 -2.123681 4.013496 3.033928 2.994820 5.445419
1.445000 1.823939 2.198296 2.484038 3.259781 6.665664 5.368024 5.638193 7.376628
1.450000 4.292082 3.329316 4.900642 8.500907 9.097359 7.522030 8.089629 9.077714
1.455000 6.609033 4.349643 7.149769 13.458333 11.245398 9.439890 10.285141 10.505848
1.460000 8.714471 5.234058 9.173099 17.999826 13.055253 11.072795 12.168646 11.626278
1.465000 10.554646 5.961457 10.919257 22.005802 14.482424 12.380404 13.693370 12.413162
1.470000 12.083732 6.515346 12.345104 25.372454 15.493504 13.331823 14.822990 12.850128
1.475000 13.264954 6.884192 13.416776 28.014422 16.066929 13.906308 15.532474 12.930581
1.480000 14.071444 7.061637 14.110472 29.866941 16.193397 14.093683 15.808596 12.657734
1.485000 14.486831 7.046570 14.412943 30.887393 15.875942 13.894462 15.650124 12.044370
1.490000 14.505524 6.843058 14.321701 31.056252 15.129676 13.319683 15.067683 11.112350
1.495000 14.132714 6.460137 13.844931 30.377385 13.981195 12.390453 14.083291 9.891882
1.500000 13.384075 5.911477 13.001110 28.877718 12.467692 11.137226 12.729594 8.420568
1.505000 12.285193 5.214927 11.818364 26.606265 10.635784 9.598840 11.048825 6.742271
1.510000 10.870735 4.391957 10.333563 23.632581 8.540104 7.821336 9.091510 4.905827
1.515000 9.183381 3.467015 8.591202 20.044659 6.241695 5.856598 6.914975 2.963636
1.520000 7.272558 2.466814 6.642087 15.946351 3.806247 3.760860 4.581686 0.970183
1.525000 5.193011 1.419574 4.541869 11.454378 1.302237 1.593104 2.157471 -1.019476
1.530000 3.003251 0.354241 2.349473 6.695028 -1.200980 -0.586579 -0.290322 -2.951223
1.535000 0.763921 -0.700309 0.125461 1.800616 -3.635074 -2.718649 -2.694678 -4.773336
1.540000 -1.463870 -1.716037 -2.069636 -3.094182 -5.934599 -4.745722 -4.990739 -6.437865
1.545000 -3.620200 -2.666476 -4.176944 -7.856014 -8.038730 -6.614112 -7.117539 -7.901873
1.550000 -5.647936 -3.527412 -6.140815 -12.356479 -9.892858 -8.275232 -9.019605 -9.128538
1.555000 -7.494233 -4.277489 -7.910286 -16.475573 -11.449995 -9.686844 -10.648392 -10.088056
1.560000 -9.111897 -4.898728 -9.440384 -20.104875 -12.671940 -10.814123 -11.963504 -10.758349
1.565000 -10.460580 -5.376941 -10.693255 -23.150383 -13.530199 -11.630491 -12.933671 -11.125550
1.570000 -11.507766 -5.702041 -11.639084 -25.534937 -14.006621 -12.118225 -13.537477 -11.184252
1.575000 -12.229540 -5.868235 -12.256783 -27.200147 -14.093740 -12.268810 -13.763793 -10.937534
1.580000 -12.611104 -5.874094 -12.534432 -28.107802 -13.794831 -12.083038 -13.611934 -10.396742
1.585000 -12.647052 -5.722513 -12.469471 -28.240708 -13.123655 -11.570852 -13.091524 -9.581056
1.590000 -12.341374 -5.420547 -12.068632 -27.602950 -12.103940 -10.750940 -12.222089 -8.516854
1.595000 -11.707219 -4.979146 -11.347620 -26.219563 -10.768583 -9.650101 -11.032375 -7.236879
1.600000 -10.766405 -4.412784 -10.330563 -24.135649 -9.158623 -8.302396 -9.559436 -5.779251
1.605000 -9.548710 -3.739010 -9.049232 -21.414945 -7.321996 -6.748117 -7.847502 -4.186353
1.610000 -8.090951 -2.977913 -7.542078 -18.137901 -5.312135 -5.032596 -5.946670 -2.503607
1.615000 -6.435892 -2.151538 -5.853091 -14.399324 -3.186423 -3.204901 -3.911456 -0.778194
1.620000 -4.631005 -1.283263 -4.030536 -10.305650 -1.004575 -1.316440 -1.799244 0.942260
1.625000 -2.727119 -0.397138 -2.125582 -5.971932 1.173028 0.580466 0.331316 2.610985
1.630000 -0.777008 0.482761 -0.190883 -1.518618 3.287000 2.434029 2.421927 4.183326
1.635000 1.166068 1.332988 1.720870 2.931784 5.280551 4.194391 4.416227 5.617933
1.640000 3.049802 2.131335 3.558370 7.258065 7.101004 5.814957 6.261293 6.877829
1.645000 4.824240 2.857406 5.273061 11.343599 8.701174 7.253617 7.909037 7.931359
1.650000 6.443090 3.493130 6.820411 15.079481 10.040571 8.473826 9.317443 8.752963
1.655000 7.864924 4.023200 8.161054 18.367414 11.086415 9.445518 10.451623 9.323785
1.660000 9.054220 4.435427 9.261779 21.122280 11.814414 10.145834 11.284665 9.632083
1.665000 9.982239 4.721015 10.096339 23.274333 12.209309 10.559640 11.798251 9.673440
1.670000 10.627702 4.874723 10.646056 24.770937 12.265152 10.679821 11.983028 9.450777
1.675000 10.977254 4.894944 10.900220 25.577842 11.985341 10.507367 11.838736 8.974158
1.680000 11.025717 4.783676 10.856259 25.679921 11.382387 10.051223 11.374082 8.260408
1.685000 10.776104 4.546402 10.519689 25.081404 10.477440 9.327930 10.606371 7.332556
1.690000 10.239427 4.191874 9.903853 23.805561 9.299591 8.361067 9.560913 6.219110
1.695000 9.434280 3.731820 9.029443 21.893885 7.884955 7.180503 8.270215 4.953201
1.700000 8.386235 3.180568 7.923832 19.404777 6.275589 5.821496 6.772992 3.571609
1.705000 7.127044 2.554618 6.620244 16.411788 4.518258 4.323653 5.113021 2.113705
1.710000 5.693700 1.872157 5.156768 13.001464 2.663084 2.729785 3.337879 0.620342
1.715000 4.127364 1.152540 3.575256 9.270861 0.762134 1.084699 1.497587 -0.867280
1.720000 2.472189 0.415746 1.920142 5.324793 -1.132030 -0.566054 -0.356784 -2.308743
1.725000 0.774095 -0.318163 0.237203 1.272905 -2.967796 -2.177428 -2.174521 -3.665496
1.730000 -0.920503 -1.029586 -1.427697 -2.773370 -4.695893 -3.706106 -3.906646 -4.901881
1.735000 -2.565950 -1.699896 -3.029849 -6.703857 -6.270707 -5.111651 -5.507223 -5.986058
1.740000 -4.118570 -2.311922 -4.526888 -10.412631 -7.651470 -6.357567 -6.934565 -6.890812
1.745000 -5.537820 -2.850381 -5.879903 -13.800862 -8.803303 -7.412234 -8.152310 -7.594228
1.750000 -6.787335 -3.302251 -7.054437 -16.779432 -9.698083 -8.249704 -9.130332 -8.080204
1.755000 -7.835850 -3.657076 -8.021359 -19.271273 -10.315114 -8.850317 -9.845471 -8.338802
1.760000 -8.657970 -3.907201 -8.757564 -21.213341 -10.641581 -9.201152 -10.282065 -8.366428
1.765000 -9.234771 -4.047918 -9.246519 -22.558196 -10.672790 -9.296279 -10.432265 -8.165829
1.770000 -9.554217 -4.077540 -9.478607 -23.275140 -10.412175 -9.136819 -10.296136 -7.745926
1.775000 -9.611387 -3.997388 -9.451290 -23.350884 -9.871086 -8.730810 -9.881543 -7.121477
1.780000 -9.408502 -3.811696 -9.169074 -22.789742 -9.068366 -8.092889 -9.203820 -6.312583
1.785000 -8.954769 -3.527448 -8.643284 -21.613333 -8.029727 -7.243798 -8.285246 -5.344066
1.790000 -8.266025 -3.154130 -7.891662 -19.859824 -6.786949 -6.209729 -7.154336 -4.244715
1.795000 -7.364221 -2.703438 -6.937790 -17.582722 -5.376923 -5.021531 -5.844974 -3.046447
1.800000 -6.276737 -2.188913 -5.810372 -14.849268 -3.840572 -3.713807 -4.395416 -1.783389
1.805000 -5.035570 -1.625553 -4.542381 -11.738466 -2.221671 -2.323909 -2.847178 -0.490913
1.810000 -3.676403 -1.029374 -3.170112 -8.338813 -0.565616 -0.890888 -1.243862 0.795342
1.815000 -2.237587 -0.416968 -1.732145 -4.745796 1.081842 0.545599 0.370062 2.040448
1.820000 -0.759072 0.194952 -0.268277 -1.059220 2.675854 1.946374 1.950481 3.211126
1.825000 0.718692 0.790007 1.181575 2.619553 4.173676 3.273804 3.454834 4.276628
1.830000 2.155861 1.352580 2.578450 6.190383 5.535814 4.492796 4.843251 5.209536
1.835000 3.514254 1.868221 3.885386 9.557064 6.727051 5.571723 6.079598 5.986457
1.840000 4.758364 2.324014 5.068388 12.629911 7.717346 6.483230 7.132407 6.588602
1.845000 5.856275 2.708888 6.097299 15.328134 8.482580 7.204921 7.975667 7.002223
1.850000 6.780475 3.013885 6.946567 17.581953 9.005128 7.719892 8.589450 7.218915
1.855000 7.508529 3.232357 7.595859 19.334385 9.274248 8.017119 8.960369 7.235762
1.860000 8.023617 3.360098 8.030543 20.542678 9.286271 8.091666 9.081848 7.055335
1.865000 8.314902 3.395412 8.241994 21.179324 9.044601 7.944735 8.954197 6.685535
1.870000 8.377741 3.339114 8.227743 21.232665 8.559516 7.583542 8.584509 6.139302
1.875000 8.213718 3.194454 7.991454 20.707048 7.847795 7.021036 7.986368 5.434183
1.880000 7.830514 2.966987 7.542733 19.622548 6.932155 6.275459 7.179380 4.591785
1.885000 7.241609 2.664383 6.896788 18.014267 5.840556 5.369777 6.188557 3.637125
1.890000 6.465841 2.296175 6.073931 15.931227 4.605352 4.330982 5.043556 2.597900
1.895000 5.526814 1.873474 5.098960 13.434896 3.262348 3.189299 3.777800 1.503687
1.900000 4.452201 1.408637 4.000418 10.597390 1.849775 1.977320 2.427519 0.385114
1.905000 3.272930 0.914918 2.809775 7.499400 0.407205 0.729074 1.030718 -0.726993
1.910000 2.022310 0.406088 1.560530 4.227915 -1.025543 -0.520911 -0.373884 -1.802452
1.915000 0.735098 -0.103936 0.287278 0.873782 -2.409496 -1.738565 -1.747914 -2.812533
1.920000 -0.553465 -0.601472 -0.975239 -2.470802 -3.707581 -2.891191 -3.054392 -3.730726
1.925000 -1.808604 -1.073431 -2.193074 -5.714818 -4.885606 -3.948338 -4.258713 -4.533421
1.930000 -2.996945 -1.507659 -3.333981 -8.770891 -5.913153 -4.882599 -5.329558 -5.200513
1.935000 -4.087397 -1.893245 -4.368260 -11.557636 -6.764354 -5.670309 -6.239696 -5.715893
1.940000 -5.051954 -2.220785 -5.269520 -14.001813 -7.418530 -6.292142 -6.966670 -6.067826
1.945000 -5.866406 -2.482613 -6.015350 -16.040243 -7.860681 -6.733567 -7.493338 -6.249207
1.950000 -6.510943 -2.672966 -6.587862 -17.621430 -8.081815 -6.985180 -7.808262 -6.257683
1.955000 -6.970617 -2.788105 -6.974108 -18.706844 -8.079102 -7.042882 -7.905939 -6.095643
1.960000 -7.235686 -2.826378 -7.166361 -19.271846 -7.855865 -6.907917 -7.786860 -5.770082
1.965000 -7.301793 -2.788223 -7.162245 -19.306219 -7.421401 -6.586757 -7.457416 -5.292345
1.970000 -7.170011 -2.676115 -6.964725 -18.814304 -6.790635 -6.090852 -6.929632 -4.677745
1.975000 -6.846735 -2.494464 -6.581944 -17.814733 -5.983638 -5.436246 -6.220764 -3.945090
1.980000 -6.343432 -2.249460 -6.026933 -16.339787 -5.024998 -4.643072 -5.352747 -3.116120
1.985000 -5.676262 -1.948869 -5.317186 -14.434372 -3.943089 -3.734945 -4.351534 -2.214865
1.990000 -4.865572 -1.601800 -4.474123 -12.154678 -2.769235 -2.738269 -3.246329 -1.266962
1.995000 -3.935287 -1.218434 -3.522451 -9.566531 -1.536818 -1.681476 -2.068744 0.000000
2.000000 -2.912214 -0.809728 -2.489455 -6.743504 -0.280335 -0.594223 -0.851903 0.000000
