t Wilson Newmark1 Newmark2 Newmark3 Central Difference Constant Approximation Linear Approximation Analytical
0.000000 0.000000 0.000000 0.000000 0.000000 0.000000 0.000000 0.000000 -0.000000
0.005000 0.002472 0.002467 0.002472 0.002477 0.002500 0.002482 0.002482 0.002481
0.010000 0.009760 0.009689 0.009757 0.009814 0.009859 0.009813 0.009813 0.009809
0.015000 0.021588 0.021385 0.021584 0.021765 0.021806 0.021722 0.021722 0.021708
0.020000 0.037569 0.037155 0.037567 0.037957 0.037948 0.037819 0.037819 0.037787
0.025000 0.057212 0.056500 0.057214 0.057907 0.057783 0.057605 0.057605 0.057544
0.030000 0.079934 0.078832 0.079942 0.081034 0.080717 0.080487 0.080487 0.080385
0.035000 0.105077 0.103499 0.105092 0.106677 0.106078 0.105796 0.105796 0.105642
0.040000 0.131929 0.129793 0.131949 0.134112 0.133138 0.132809 0.132809 0.132591
0.045000 0.159742 0.156981 0.159763 0.162573 0.161135 0.160765 0.160765 0.160471
0.050000 0.187750 0.184317 0.187768 0.191277 0.189290 0.188888 0.188888 0.188510
0.055000 0.215197 0.211065 0.215207 0.219436 0.216832 0.216411 0.216411 0.215942
0.060000 0.241349 0.236521 0.241344 0.246292 0.243019 0.242592 0.242592 0.242029
0.065000 0.265521 0.260028 0.265494 0.271123 0.267155 0.266737 0.266737 0.266082
0.070000 0.287088 0.280993 0.287033 0.293275 0.288610 0.288219 0.288219 0.287475
0.075000 0.305506 0.298902 0.305417 0.312170 0.306839 0.306491 0.306491 0.305667
0.080000 0.320323 0.313335 0.320196 0.327327 0.321390 0.321103 0.321103 0.320212
0.085000 0.331192 0.323971 0.331022 0.338368 0.331920 0.331708 0.331708 0.330767
0.090000 0.337877 0.330597 0.337660 0.345035 0.338198 0.338077 0.338077 0.337107
0.095000 0.340256 0.333112 0.339993 0.347189 0.340117 0.340097 0.340097 0.339123
0.100000 0.338328 0.331527 0.338019 0.344817 0.337686 0.337777 0.337777 0.336825
0.105000 0.332206 0.325962 0.331854 0.338028 0.331035 0.331243 0.331243 0.330341
0.110000 0.322116 0.316643 0.321726 0.327051 0.320407 0.320733 0.320733 0.319911
0.115000 0.308386 0.303890 0.307967 0.312226 0.306149 0.306593 0.306593 0.305879
0.120000 0.291440 0.288110 0.290999 0.293997 0.288705 0.289259 0.289259 0.288682
0.125000 0.271781 0.269783 0.271329 0.272892 0.268595 0.269250 0.269250 0.268836
0.130000 0.249977 0.249450 0.249527 0.249516 0.246408 0.247150 0.247150 0.246921
0.135000 0.226648 0.227691 0.226212 0.224529 0.222780 0.223592 0.223592 0.223566
0.140000 0.202445 0.205118 0.202037 0.198626 0.198377 0.199238 0.199238 0.199428
0.145000 0.178033 0.182351 0.177667 0.172524 0.173876 0.174762 0.174762 0.175176
0.150000 0.154073 0.160003 0.153763 0.146933 0.149947 0.150835 0.150835 0.151473
0.155000 0.131206 0.138664 0.130965 0.122548 0.127236 0.128098 0.128098 0.128955
0.160000 0.110032 0.118886 0.109871 0.100020 0.106344 0.107155 0.107155 0.108217
0.165000 0.091098 0.101171 0.091026 0.079944 0.087816 0.088549 0.088549 0.089798
0.170000 0.074882 0.085953 0.074908 0.062843 0.072124 0.072754 0.072754 0.074164
0.175000 0.061784 0.073592 0.061912 0.049154 0.059654 0.060158 0.060158 0.061698
0.180000 0.052111 0.064365 0.052344 0.039214 0.050700 0.051059 0.051059 0.052691
0.185000 0.046075 0.058459 0.046411 0.033258 0.045455 0.045654 0.045654 0.047337
0.190000 0.043788 0.055970 0.044223 0.031409 0.044010 0.044036 0.044036 0.045726
0.195000 0.045255 0.056899 0.045783 0.033675 0.046347 0.046194 0.046194 0.047845
0.200000 0.050386 0.061155 0.050995 0.039955 0.052350 0.052015 0.052015 0.053580
0.205000 0.058977 0.068553 0.059655 0.050027 0.061799 0.061256 0.061277 0.062709
0.210000 0.070697 0.078771 0.071427 0.063537 0.074326 0.073554 0.073626 0.074881
0.215000 0.085123 0.091422 0.085887 0.080022 0.089482 0.088467 0.088618 0.089656
0.220000 0.101766 0.106061 0.102543 0.098940 0.106752 0.105490 0.105745 0.106531
0.225000 0.120084 0.122195 0.120853 0.119691 0.125573 0.124066 0.124448 0.124953
0.230000 0.139498 0.139304 0.140236 0.141629 0.145346 0.143605 0.144133 0.144335
0.235000 0.159406 0.156850 0.160093 0.164082 0.165455 0.163498 0.164187 0.164072
0.240000 0.179204 0.174294 0.179818 0.186372 0.185285 0.183138 0.183997 0.183559
0.245000 0.198299 0.191110 0.198818 0.207831 0.204236 0.201930 0.202964 0.202209
0.250000 0.216122 0.206798 0.216531 0.227822 0.221741 0.219313 0.220523 0.219464
0.255000 0.232152 0.220899 0.232434 0.245751 0.237282 0.234773 0.236154 0.234814
0.260000 0.245920 0.233004 0.246064 0.261090 0.250401 0.247854 0.249397 0.247807
0.265000 0.257025 0.242767 0.257023 0.273384 0.260712 0.258173 0.259864 0.258064
0.270000 0.265146 0.249910 0.264993 0.282267 0.267914 0.265427 0.267249 0.265285
0.275000 0.270045 0.254229 0.269741 0.287469 0.271791 0.269400 0.271333 0.269257
0.280000 0.271574 0.255603 0.271123 0.288822 0.272226 0.269970 0.271990 0.269860
0.285000 0.269679 0.253990 0.269091 0.286266 0.269193 0.267110 0.269192 0.267066
0.290000 0.264400 0.249429 0.263687 0.279849 0.262764 0.260885 0.263002 0.260941
0.295000 0.255866 0.242038 0.255044 0.269720 0.253102 0.251451 0.253576 0.251641
0.300000 0.244293 0.232006 0.243382 0.256131 0.240455 0.239050 0.241157 0.239405
0.305000 0.229974 0.219593 0.228999 0.239425 0.225149 0.224002 0.226063 0.224548
0.310000 0.213275 0.205115 0.212260 0.220026 0.207581 0.206691 0.208683 0.207453
0.315000 0.194619 0.188939 0.193592 0.198427 0.188198 0.187562 0.189462 0.188558
0.320000 0.174475 0.171469 0.173464 0.175177 0.167496 0.167099 0.168888 0.168343
0.325000 0.153347 0.153136 0.152380 0.150863 0.145996 0.145818 0.147478 0.147315
0.330000 0.131758 0.134388 0.130863 0.126097 0.124235 0.124247 0.125768 0.125999
0.335000 0.110235 0.115674 0.109438 0.101495 0.102749 0.102917 0.104289 0.104916
0.340000 0.089297 0.097433 0.088621 0.077665 0.082058 0.082343 0.083562 0.084576
0.345000 0.069438 0.080083 0.068905 0.055186 0.062653 0.063013 0.064080 0.065459
0.350000 0.051118 0.064013 0.050745 0.034595 0.044984 0.045373 0.046291 0.048005
0.355000 0.034747 0.049566 0.034547 0.016373 0.029446 0.029817 0.030595 0.032603
0.360000 0.020677 0.037039 0.020659 0.000930 0.016370 0.016678 0.017327 0.019579
0.365000 0.009194 0.026669 0.009361 -0.011403 0.006015 0.006215 0.006750 0.009189
0.370000 0.000509 0.018632 0.000859 -0.020383 -0.001438 -0.001387 -0.000947 0.001615
0.375000 -0.005246 0.013038 -0.004719 -0.025859 -0.005890 -0.006024 -0.005659 -0.003042
0.380000 -0.008018 0.009930 -0.007327 -0.027780 -0.007324 -0.007675 -0.007364 -0.004760
0.385000 -0.007837 0.009282 -0.006998 -0.026190 -0.005807 -0.006401 -0.006119 -0.003600
0.390000 -0.004811 0.011005 -0.003845 -0.021230 -0.001485 -0.002339 -0.002064 0.000301
0.395000 0.000875 0.014946 0.001944 -0.013131 0.005420 0.004295 0.004588 0.006734
0.400000 0.008970 0.020896 0.010113 -0.002205 0.014621 0.013224 0.013557 0.015423
0.405000 0.018760 0.028197 0.019944 0.010756 0.025771 0.022898 0.024098 0.024806
0.410000 0.028311 0.034580 0.029493 0.024121 0.036056 0.031808 0.034241 0.033371
0.415000 0.036961 0.039914 0.038103 0.036696 0.045207 0.039722 0.043305 0.040897
0.420000 0.044490 0.044079 0.045560 0.048147 0.052991 0.046439 0.051057 0.047196
0.425000 0.050711 0.046983 0.051678 0.058172 0.059215 0.051794 0.057306 0.052114
0.430000 0.055475 0.048574 0.056310 0.066512 0.063733 0.055660 0.061904 0.055539
0.435000 0.058674 0.048833 0.059355 0.072958 0.066445 0.057955 0.064749 0.057399
0.440000 0.060245 0.047780 0.060752 0.077351 0.067303 0.058637 0.065789 0.057669
0.445000 0.060168 0.045467 0.060487 0.079594 0.066312 0.057713 0.065021 0.056364
0.450000 0.058470 0.041980 0.058593 0.079647 0.063525 0.055230 0.062494 0.053544
0.455000 0.055219 0.037435 0.055143 0.077529 0.059044 0.051278 0.058302 0.049309
0.460000 0.050525 0.031974 0.050255 0.073320 0.053016 0.045987 0.052582 0.043796
0.465000 0.044536 0.025761 0.044079 0.067155 0.045628 0.039521 0.045513 0.037174
0.470000 0.037432 0.018976 0.036803 0.059223 0.037102 0.032072 0.037307 0.029640
0.475000 0.029420 0.011812 0.028638 0.049756 0.027687 0.023857 0.028204 0.021413
0.480000 0.020730 0.004467 0.019818 0.039027 0.017652 0.015112 0.018465 0.012727
0.485000 0.011605 -0.002857 0.010591 0.027342 0.007281 0.006082 0.008365 0.003827
0.490000 0.002298 -0.009965 0.001212 0.015028 -0.003138 -0.002982 -0.001817 -0.005043
0.495000 -0.006937 -0.016672 -0.008063 0.002428 -0.013320 -0.011834 -0.011802 -0.013640
0.500000 -0.015852 -0.022804 -0.016986 -0.010114 -0.022990 -0.020234 -0.021320 -0.021737
0.505000 -0.024212 -0.028208 -0.025321 -0.022255 -0.031893 -0.027962 -0.030119 -0.029118
0.510000 -0.031799 -0.032754 -0.032850 -0.033669 -0.039796 -0.034816 -0.037971 -0.035595
0.515000 -0.038420 -0.036337 -0.039383 -0.044053 -0.046498 -0.040622 -0.044674 -0.041004
0.520000 -0.043909 -0.038878 -0.044757 -0.053133 -0.051832 -0.045238 -0.050063 -0.045215
0.525000 -0.048135 -0.040329 -0.048844 -0.060675 -0.055675 -0.048554 -0.054010 -0.048132
0.530000 -0.051002 -0.040673 -0.051553 -0.066490 -0.057942 -0.050500 -0.056429 -0.049693
0.535000 -0.052452 -0.039921 -0.052829 -0.070435 -0.058594 -0.051042 -0.057275 -0.049877
0.540000 -0.052467 -0.038114 -0.052660 -0.072422 -0.057637 -0.050185 -0.056550 -0.048701
0.545000 -0.051067 -0.035320 -0.051071 -0.072417 -0.055120 -0.047975 -0.054295 -0.046216
0.550000 -0.048309 -0.031634 -0.048126 -0.070439 -0.051135 -0.044490 -0.050593 -0.042511
0.555000 -0.044288 -0.027170 -0.043923 -0.066561 -0.045812 -0.039843 -0.045567 -0.037704
0.560000 -0.039130 -0.022064 -0.038595 -0.060909 -0.039315 -0.034179 -0.039373 -0.031944
0.565000 -0.032991 -0.016464 -0.032302 -0.053654 -0.031840 -0.027666 -0.032197 -0.025401
0.570000 -0.026050 -0.010529 -0.025227 -0.045009 -0.023603 -0.020494 -0.024248 -0.018265
0.575000 -0.018506 -0.004426 -0.017574 -0.035224 -0.014842 -0.012868 -0.015753 -0.010741
0.580000 -0.010571 0.001680 -0.009558 -0.024577 -0.005803 -0.005002 -0.006953 -0.003038
0.585000 -0.002465 0.007625 -0.001400 -0.013366 0.003263 0.002886 0.001908 0.004631
0.590000 0.005591 0.013253 0.006678 -0.001902 0.012109 0.010581 0.010590 0.012058
0.595000 0.013381 0.018418 0.014458 0.009499 0.020496 0.017876 0.018856 0.019044
0.600000 0.020698 0.022992 0.021734 0.020528 0.028201 0.024578 0.026490 0.025405
0.605000 0.027351 0.026863 0.028318 0.030889 0.035025 0.030514 0.033290 0.030979
0.610000 0.033172 0.029941 0.034041 0.040305 0.040793 0.035532 0.039086 0.035624
0.615000 0.038014 0.032158 0.038761 0.048529 0.045364 0.039509 0.043732 0.039229
0.620000 0.041762 0.033472 0.042366 0.055349 0.048631 0.042353 0.047120 0.041711
0.625000 0.044329 0.033864 0.044774 0.060594 0.050522 0.044002 0.049176 0.043020
0.630000 0.045664 0.033342 0.045938 0.064136 0.051006 0.044428 0.049862 0.043138
0.635000 0.045748 0.031937 0.045843 0.065895 0.050091 0.043638 0.049180 0.042079
0.640000 0.044596 0.029703 0.044512 0.065842 0.047822 0.041671 0.047169 0.039891
0.645000 0.042259 0.026716 0.041998 0.063996 0.044280 0.038598 0.043902 0.036649
0.650000 0.038815 0.023071 0.038386 0.060424 0.039581 0.034518 0.039486 0.032459
0.655000 0.034374 0.018877 0.033790 0.055242 0.033869 0.029557 0.034059 0.027448
0.660000 0.029070 0.014257 0.028348 0.048607 0.027315 0.023862 0.027784 0.021767
0.665000 0.023058 0.009343 0.022219 0.040713 0.020111 0.017601 0.020842 0.015578
0.670000 0.016510 0.004272 0.015578 0.031789 0.012463 0.010951 0.013434 0.009059
0.675000 0.009610 -0.000816 0.008614 0.022088 0.004585 0.004099 0.005767 0.002392
0.680000 0.002551 -0.005786 0.001518 0.011881 -0.003303 -0.002765 -0.001946 -0.004238
0.685000 -0.004476 -0.010507 -0.005516 0.001452 -0.010987 -0.009454 -0.009493 -0.010653
0.690000 -0.011281 -0.014856 -0.012299 -0.008913 -0.018260 -0.015788 -0.016673 -0.016681
0.695000 -0.017685 -0.018724 -0.018651 -0.018932 -0.024928 -0.021601 -0.023294 -0.022163
0.700000 -0.023519 -0.022017 -0.024407 -0.028335 -0.030819 -0.026740 -0.029184 -0.026959
0.705000 -0.028636 -0.024658 -0.029420 -0.036873 -0.035783 -0.031077 -0.034194 -0.030947
0.710000 -0.032906 -0.026589 -0.033566 -0.044322 -0.039698 -0.034505 -0.038201 -0.034033
0.715000 -0.036228 -0.027770 -0.036744 -0.050489 -0.042473 -0.036942 -0.041108 -0.036145
0.720000 -0.038525 -0.028185 -0.038884 -0.055219 -0.044048 -0.038339 -0.042854 -0.037241
0.725000 -0.039750 -0.027838 -0.039943 -0.058399 -0.044397 -0.038670 -0.043407 -0.037307
0.730000 -0.039885 -0.026751 -0.039907 -0.059955 -0.043529 -0.037944 -0.042769 -0.036355
0.735000 -0.038943 -0.024969 -0.038794 -0.059863 -0.041486 -0.036195 -0.040976 -0.034429
0.740000 -0.036963 -0.022551 -0.036649 -0.058141 -0.038339 -0.033485 -0.038093 -0.031593
0.745000 -0.034015 -0.019576 -0.033546 -0.054852 -0.034192 -0.029902 -0.034215 -0.027941
0.750000 -0.030192 -0.016133 -0.029581 -0.050101 -0.029171 -0.025557 -0.029460 -0.023583
0.755000 -0.025610 -0.012323 -0.024875 -0.044033 -0.023427 -0.020579 -0.023972 -0.018649
0.760000 -0.020403 -0.008256 -0.019565 -0.036826 -0.017127 -0.015113 -0.017911 -0.013282
0.765000 -0.014720 -0.004046 -0.013804 -0.028687 -0.010450 -0.009314 -0.011450 -0.007635
0.770000 -0.008721 0.000194 -0.007754 -0.019847 -0.003585 -0.003346 -0.004771 -0.001865
0.775000 -0.002574 0.004347 -0.001582 -0.010555 0.003278 0.002626 0.001941 0.003868
0.780000 0.003555 0.008305 0.004543 -0.001068 0.009952 0.008441 0.008503 0.009409
0.785000 0.009500 0.011965 0.010456 0.008355 0.016257 0.013941 0.014738 0.014609
0.790000 0.015103 0.015235 0.016001 0.017455 0.022028 0.018981 0.020481 0.019333
0.795000 0.020219 0.018034 0.021033 0.025990 0.027113 0.023432 0.025582 0.023459
0.800000 0.024715 0.020298 0.025424 0.033732 0.031384 0.027179 0.029913 0.026884
0.805000 0.028481 0.021974 0.029064 0.040478 0.034736 0.030132 0.033367 0.029525
0.810000 0.031424 0.023031 0.031867 0.046054 0.037091 0.032222 0.035861 0.031322
0.815000 0.033478 0.023450 0.033768 0.050321 0.038400 0.033403 0.037343 0.032239
0.820000 0.034599 0.023233 0.034729 0.053173 0.038641 0.033657 0.037785 0.032264
0.825000 0.034771 0.022398 0.034738 0.054549 0.037823 0.032991 0.037193 0.031410
0.830000 0.034002 0.020979 0.033809 0.054426 0.035985 0.031436 0.035596 0.029714
0.835000 0.032328 0.019026 0.031980 0.052820 0.033192 0.029048 0.033052 0.027235
0.840000 0.029805 0.016599 0.029313 0.049792 0.029532 0.025903 0.029645 0.024051
0.845000 0.026515 0.013775 0.025894 0.045437 0.025120 0.022098 0.025480 0.020261
0.850000 0.022557 0.010635 0.021825 0.039888 0.020086 0.017746 0.020682 0.015977
0.855000 0.018048 0.007270 0.017225 0.033308 0.014576 0.012974 0.015390 0.011323
0.860000 0.013116 0.003774 0.012227 0.025885 0.008749 0.007918 0.009755 0.006430
0.865000 0.007902 0.000244 0.006971 0.017831 0.002767 0.002720 0.003937 0.001437
0.870000 0.002549 -0.003225 0.001604 0.009372 -0.003203 -0.002477 -0.001904 -0.003519
0.875000 -0.002796 -0.006543 -0.003730 0.000741 -0.009000 -0.007531 -0.007609 -0.008305
0.880000 -0.007989 -0.009621 -0.008884 -0.007824 -0.014466 -0.012307 -0.013023 -0.012792
0.885000 -0.012891 -0.012384 -0.013724 -0.016091 -0.019458 -0.016678 -0.018005 -0.016862
0.890000 -0.017376 -0.014762 -0.018123 -0.023837 -0.023847 -0.020531 -0.022423 -0.020412
0.895000 -0.021328 -0.016700 -0.021969 -0.030857 -0.027521 -0.023769 -0.026167 -0.023352
0.900000 -0.024647 -0.018153 -0.025165 -0.036967 -0.030390 -0.026313 -0.029143 -0.025612
0.905000 -0.027254 -0.019093 -0.027635 -0.042008 -0.032388 -0.028103 -0.031283 -0.027140
0.910000 -0.029089 -0.019503 -0.029323 -0.045855 -0.033472 -0.029102 -0.032539 -0.027906
0.915000 -0.030113 -0.019383 -0.030194 -0.048415 -0.033627 -0.029293 -0.032891 -0.027901
0.920000 -0.030310 -0.018747 -0.030237 -0.049630 -0.032862 -0.028684 -0.032342 -0.027136
0.925000 -0.029686 -0.017620 -0.029462 -0.049481 -0.031211 -0.027303 -0.030920 -0.025643
0.930000 -0.028271 -0.016043 -0.027903 -0.047986 -0.028732 -0.025197 -0.028676 -0.023475
0.935000 -0.026114 -0.014066 -0.025613 -0.045198 -0.025504 -0.022436 -0.025684 -0.020701
0.940000 -0.023283 -0.011750 -0.022664 -0.041207 -0.021627 -0.019105 -0.022036 -0.017405
0.945000 -0.019865 -0.009164 -0.019146 -0.036132 -0.017215 -0.015301 -0.017841 -0.013685
0.950000 -0.015960 -0.006381 -0.015162 -0.030124 -0.012398 -0.011135 -0.013220 -0.009649
0.955000 -0.011681 -0.003480 -0.010826 -0.023355 -0.007312 -0.006727 -0.008307 -0.005411
0.960000 -0.007148 -0.000541 -0.006261 -0.016017 -0.002101 -0.002199 -0.003238 -0.001090
0.965000 -0.002487 0.002356 -0.001593 -0.008316 0.003093 0.002322 0.001845 0.003195
0.970000 0.002173 0.005135 0.003050 -0.000465 0.008126 0.006715 0.006804 0.007328
0.975000 0.006709 0.007724 0.007544 0.007321 0.012865 0.010861 0.011506 0.011199
0.980000 0.010998 0.010057 0.011768 0.014830 0.017183 0.014652 0.015826 0.014706
0.985000 0.014929 0.012075 0.015614 0.021861 0.020970 0.017988 0.019652 0.017760
0.990000 0.018401 0.013732 0.018981 0.028226 0.024129 0.020785 0.022888 0.020284
0.995000 0.021326 0.014990 0.021787 0.033758 0.026584 0.022976 0.025453 0.022217
1.000000 0.023635 0.015822 0.023964 0.038316 0.028278 0.024510 0.027288 0.023517
1.005000 0.025273 0.016215 0.025462 0.041785 0.029174 0.025353 0.028352 0.024156
1.010000 0.026206 0.016166 0.026250 0.044081 0.029262 0.025494 0.028630 0.024127
1.015000 0.026418 0.015685 0.026318 0.045154 0.028549 0.024938 0.028123 0.023443
1.020000 0.025915 0.014792 0.025674 0.044985 0.027067 0.023711 0.026857 0.022130
1.025000 0.024721 0.013521 0.024345 0.043593 0.024868 0.021856 0.024879 0.020235
1.030000 0.022876 0.011912 0.022379 0.041027 0.022021 0.019433 0.022252 0.017817
1.035000 0.020442 0.010014 0.019836 0.037369 0.018615 0.016516 0.019056 0.014951
1.040000 0.017490 0.007884 0.016795 0.032729 0.014750 0.013191 0.015388 0.011721
1.045000 0.014110 0.005584 0.013344 0.027244 0.010539 0.009555 0.011354 0.008221
1.050000 0.010397 0.003178 0.009583 0.021071 0.006101 0.005711 0.007070 0.004551
1.055000 0.006457 0.000732 0.005617 0.014385 0.001561 0.001768 0.002655 0.000812
1.060000 0.002400 -0.001686 0.001558 0.007374 -0.002956 -0.002166 -0.001769 -0.002893
1.065000 -0.001664 -0.004014 -0.002485 0.000232 -0.007327 -0.005984 -0.006080 -0.006462
1.070000 -0.005625 -0.006190 -0.006401 -0.006845 -0.011434 -0.009584 -0.010162 -0.009802
1.075000 -0.009377 -0.008158 -0.010088 -0.013666 -0.015170 -0.012870 -0.013909 -0.012824
1.080000 -0.012822 -0.009871 -0.013449 -0.020046 -0.018437 -0.015758 -0.017222 -0.015451
1.085000 -0.015872 -0.011286 -0.016398 -0.025817 -0.021153 -0.018175 -0.020018 -0.017617
1.090000 -0.018451 -0.012372 -0.018861 -0.030827 -0.023252 -0.020062 -0.022229 -0.019271
1.095000 -0.020494 -0.013107 -0.020779 -0.034948 -0.024687 -0.021375 -0.023802 -0.020375
1.100000 -0.021955 -0.013476 -0.022108 -0.038075 -0.025426 -0.022087 -0.024703 -0.020908
1.105000 -0.022804 -0.013477 -0.022820 -0.040135 -0.025460 -0.022187 -0.024919 -0.020863
1.110000 -0.023025 -0.013118 -0.022905 -0.041080 -0.024799 -0.021681 -0.024453 -0.020251
1.115000 -0.022622 -0.012413 -0.022371 -0.040897 -0.023471 -0.020591 -0.023328 -0.019097
1.120000 -0.021614 -0.011390 -0.021240 -0.039601 -0.021521 -0.018957 -0.021583 -0.017440
1.125000 -0.020038 -0.010081 -0.019551 -0.037240 -0.019011 -0.016831 -0.019276 -0.015333
1.130000 -0.017944 -0.008527 -0.017360 -0.033887 -0.016020 -0.014276 -0.016478 -0.012841
1.135000 -0.015397 -0.006775 -0.014731 -0.029645 -0.012634 -0.011370 -0.013271 -0.010037
1.140000 -0.012470 -0.004874 -0.011742 -0.024638 -0.008952 -0.008196 -0.009749 -0.007002
1.145000 -0.009249 -0.002879 -0.008479 -0.019008 -0.005080 -0.004846 -0.006013 -0.003823
1.150000 -0.005825 -0.000844 -0.005035 -0.012917 -0.001125 -0.001412 -0.002168 -0.000587
1.155000 -0.002293 0.001174 -0.001505 -0.006535 0.002803 0.002011 0.001681 0.002615
1.160000 0.001250 0.003123 0.002014 -0.000038 0.006598 0.005330 0.005428 0.005698
1.165000 0.004708 0.004950 0.005428 0.006395 0.010158 0.008455 0.008973 0.008578
1.170000 0.007990 0.006611 0.008646 0.012590 0.013388 0.011304 0.012222 0.011182
1.175000 0.011010 0.008062 0.011583 0.018381 0.016206 0.013804 0.015091 0.013442
1.180000 0.013689 0.009270 0.014165 0.023613 0.018541 0.015892 0.017508 0.015301
1.185000 0.015960 0.010207 0.016327 0.028150 0.020336 0.017516 0.019412 0.016716
1.190000 0.017768 0.010853 0.018016 0.031875 0.021549 0.018640 0.020760 0.017654
1.195000 0.019072 0.011196 0.019195 0.034694 0.022157 0.019240 0.021523 0.018097
1.200000 0.019842 0.011232 0.019837 0.036541 0.022151 0.019307 0.021689 0.018041
1.205000 0.020065 0.010967 0.019934 0.037373 0.021540 0.018848 0.021261 0.017494
1.210000 0.019745 0.010413 0.019492 0.037179 0.020350 0.017881 0.020261 0.016479
1.215000 0.018896 0.009591 0.018529 0.035975 0.018622 0.016442 0.018723 0.015031
1.220000 0.017550 0.008527 0.017080 0.033802 0.016410 0.014576 0.016698 0.013196
1.225000 0.015750 0.007255 0.015191 0.030730 0.013783 0.012339 0.014247 0.011029
1.230000 0.013551 0.005814 0.012919 0.026851 0.010817 0.009800 0.011444 0.008595
1.235000 0.011018 0.004244 0.010330 0.022279 0.007599 0.007030 0.008370 0.005963
1.240000 0.008224 0.002590 0.007501 0.017146 0.004221 0.004108 0.005112 0.003209
1.245000 0.005249 0.000898 0.004509 0.011597 0.000776 0.001118 0.001762 0.000410
1.250000 0.002175 -0.000785 0.001440 0.005787 -0.002640 -0.001860 -0.001587 -0.002359
1.255000 -0.000914 -0.002416 -0.001624 -0.000122 -0.005934 -0.004744 -0.004844 -0.005021
1.260000 -0.003934 -0.003951 -0.004600 -0.005970 -0.009019 -0.007457 -0.007922 -0.007506
1.265000 -0.006805 -0.005350 -0.007408 -0.011597 -0.011812 -0.009927 -0.010739 -0.009749
1.270000 -0.009450 -0.006580 -0.009975 -0.016852 -0.014243 -0.012091 -0.013223 -0.011692
1.275000 -0.011803 -0.007610 -0.012235 -0.021596 -0.016249 -0.013894 -0.015311 -0.013288
1.280000 -0.013804 -0.008417 -0.014132 -0.025704 -0.017783 -0.015293 -0.016952 -0.014498
1.285000 -0.015403 -0.008983 -0.015620 -0.029071 -0.018809 -0.016255 -0.018107 -0.015294
1.290000 -0.016565 -0.009298 -0.016664 -0.031613 -0.019306 -0.016760 -0.018752 -0.015662
1.295000 -0.017263 -0.009357 -0.017243 -0.033268 -0.019269 -0.016801 -0.018877 -0.015599
1.300000 -0.017485 -0.009165 -0.017348 -0.034000 -0.018707 -0.016385 -0.018486 -0.015111
1.305000 -0.017232 -0.008731 -0.016983 -0.033799 -0.017642 -0.015527 -0.017597 -0.014219
1.310000 -0.016518 -0.008071 -0.016164 -0.032679 -0.016111 -0.014260 -0.016242 -0.012954
1.315000 -0.015369 -0.007208 -0.014921 -0.030680 -0.014163 -0.012622 -0.014464 -0.011355
1.320000 -0.013822 -0.006168 -0.013292 -0.027865 -0.011856 -0.010665 -0.012318 -0.009471
1.325000 -0.011925 -0.004983 -0.011328 -0.024319 -0.009258 -0.008445 -0.009867 -0.007358
1.330000 -0.009733 -0.003687 -0.009087 -0.020146 -0.006446 -0.006027 -0.007184 -0.005076
1.335000 -0.007310 -0.002317 -0.006633 -0.015465 -0.003499 -0.003481 -0.004343 -0.002691
1.340000 -0.004724 -0.000910 -0.004035 -0.010410 -0.000499 -0.000876 -0.001426 -0.000269
1.345000 -0.002048 0.000494 -0.001366 -0.005121 0.002472 0.001714 0.001488 0.002124
1.350000 0.000644 0.001858 0.001301 0.000254 0.005331 0.004220 0.004319 0.004423
1.355000 0.003281 0.003146 0.003894 0.005570 0.008004 0.006575 0.006991 0.006567
1.360000 0.005791 0.004325 0.006345 0.010680 0.010419 0.008717 0.009435 0.008499
1.365000 0.008109 0.005366 0.008588 0.015449 0.012515 0.010590 0.011585 0.010171
1.370000 0.010175 0.006244 0.010567 0.019750 0.014239 0.012147 0.013389 0.011540
1.375000 0.011937 0.006938 0.012232 0.023470 0.015549 0.013351 0.014802 0.012574
1.380000 0.013352 0.007432 0.013542 0.026513 0.016415 0.014174 0.015792 0.013251
1.385000 0.014386 0.007719 0.014467 0.028804 0.016821 0.014599 0.016336 0.013556
1.390000 0.015017 0.007793 0.014988 0.030287 0.016761 0.014620 0.016428 0.013487
1.395000 0.015235 0.007657 0.015097 0.030931 0.016245 0.014243 0.016072 0.013053
1.400000 0.015038 0.007318 0.014796 0.030726 0.015293 0.013483 0.015282 0.012269
1.405000 0.014439 0.006790 0.014100 0.029685 0.013937 0.012367 0.014088 0.011164
1.410000 0.013458 0.006090 0.013033 0.027846 0.012221 0.010930 0.012528 0.009771
1.415000 0.012129 0.005240 0.011630 0.025267 0.010195 0.009216 0.010648 0.008133
1.420000 0.010492 0.004266 0.009933 0.022025 0.007921 0.007276 0.008507 0.006298
1.425000 0.008595 0.003197 0.007992 0.018216 0.005464 0.005167 0.006164 0.004320
1.430000 0.006494 0.002062 0.005863 0.013948 0.002893 0.002947 0.003688 0.002255
1.435000 0.004247 0.000893 0.003608 0.009342 0.000280 0.000679 0.001147 0.000159
1.440000 0.001919 -0.000277 0.001287 0.004528 -0.002302 -0.001575 -0.001388 -0.001910
1.445000 -0.000428 -0.001418 -0.001035 -0.000362 -0.004784 -0.003753 -0.003849 -0.003895
1.450000 -0.002730 -0.002498 -0.003295 -0.005193 -0.007100 -0.005797 -0.006169 -0.005744
1.455000 -0.004925 -0.003492 -0.005433 -0.009834 -0.009188 -0.007653 -0.008288 -0.007408
1.460000 -0.006956 -0.004373 -0.007393 -0.014162 -0.010995 -0.009274 -0.010149 -0.008846
1.465000 -0.008770 -0.005120 -0.009125 -0.018061 -0.012475 -0.010619 -0.011708 -0.010021
1.470000 -0.010321 -0.005716 -0.010586 -0.021429 -0.013593 -0.011656 -0.012925 -0.010905
1.475000 -0.011572 -0.006147 -0.011739 -0.024180 -0.014324 -0.012359 -0.013772 -0.011479
1.480000 -0.012493 -0.006405 -0.012559 -0.026244 -0.014654 -0.012716 -0.014232 -0.011731
1.485000 -0.013063 -0.006487 -0.013027 -0.027574 -0.014578 -0.012721 -0.014297 -0.011661
1.490000 -0.013273 -0.006394 -0.013137 -0.028138 -0.014106 -0.012380 -0.013972 -0.011274
1.495000 -0.013122 -0.006131 -0.012890 -0.027931 -0.013255 -0.011707 -0.013272 -0.010586
1.500000 -0.012619 -0.005709 -0.012299 -0.026965 -0.012055 -0.010724 -0.012219 -0.009620
1.505000 -0.011783 -0.005142 -0.011384 -0.025274 -0.010543 -0.009464 -0.010850 -0.008406
1.510000 -0.010642 -0.004449 -0.010174 -0.022911 -0.008766 -0.007964 -0.009205 -0.006983
1.515000 -0.009229 -0.003649 -0.008708 -0.019947 -0.006774 -0.006269 -0.007333 -0.005390
1.520000 -0.007588 -0.002766 -0.007028 -0.016470 -0.004627 -0.004428 -0.005288 -0.003675
1.525000 -0.005766 -0.001827 -0.005182 -0.012578 -0.002385 -0.002493 -0.003129 -0.001886
1.530000 -0.003815 -0.000856 -0.003223 -0.008383 -0.000110 -0.000518 -0.000916 -0.000073
1.535000 -0.001788 0.000119 -0.001205 -0.004000 0.002135 0.001443 0.001290 0.001715
1.540000 0.000257 0.001072 0.000815 0.000447 0.004289 0.003335 0.003428 0.003429
1.545000 0.002266 0.001979 0.002785 0.004838 0.006295 0.005109 0.005442 0.005024
1.550000 0.004186 0.002815 0.004650 0.009054 0.008100 0.006719 0.007279 0.006457
1.555000 0.005964 0.003560 0.006363 0.012981 0.009657 0.008122 0.008891 0.007694
1.560000 0.007557 0.004195 0.007879 0.016516 0.010928 0.009283 0.010237 0.008702
1.565000 0.008923 0.004706 0.009161 0.019565 0.011883 0.010175 0.011285 0.009457
1.570000 0.010028 0.005082 0.010176 0.022051 0.012499 0.010776 0.012010 0.009944
1.575000 0.010847 0.005314 0.010901 0.023912 0.012765 0.011076 0.012398 0.010153
1.580000 0.011362 0.005399 0.011322 0.025102 0.012678 0.011069 0.012442 0.010082
1.585000 0.011563 0.005338 0.011431 0.025597 0.012247 0.010761 0.012147 0.009738
1.590000 0.011449 0.005135 0.011229 0.025390 0.011488 0.010164 0.011525 0.009133
1.595000 0.011028 0.004799 0.010727 0.024493 0.010426 0.009299 0.010598 0.008290
1.600000 0.010316 0.004340 0.009942 0.022938 0.009095 0.008194 0.009396 0.007233
1.605000 0.009335 0.003774 0.008901 0.020773 0.007535 0.006881 0.007956 0.005995
1.610000 0.008117 0.003117 0.007634 0.018064 0.005791 0.005400 0.006320 0.004613
1.615000 0.006698 0.002390 0.006179 0.014890 0.003915 0.003793 0.004535 0.003126
1.620000 0.005118 0.001612 0.004578 0.011342 0.001960 0.002106 0.002653 0.001577
1.625000 0.003423 0.000806 0.002877 0.007520 -0.000021 0.000387 0.000726 0.000008
1.630000 0.001660 -0.000006 0.001123 0.003531 -0.001972 -0.001318 -0.001193 -0.001537
1.635000 -0.000123 -0.000802 -0.000635 -0.000514 -0.003842 -0.002963 -0.003052 -0.003017
1.640000 -0.001877 -0.001562 -0.002352 -0.004505 -0.005579 -0.004503 -0.004800 -0.004392
1.645000 -0.003555 -0.002266 -0.003979 -0.008334 -0.007139 -0.005898 -0.006392 -0.005627
1.650000 -0.005113 -0.002896 -0.005476 -0.011898 -0.008481 -0.007112 -0.007788 -0.006690
1.655000 -0.006510 -0.003436 -0.006803 -0.015102 -0.009572 -0.008114 -0.008950 -0.007555
1.660000 -0.007712 -0.003874 -0.007927 -0.017862 -0.010386 -0.008882 -0.009852 -0.008201
1.665000 -0.008689 -0.004199 -0.008820 -0.020109 -0.010905 -0.009396 -0.010473 -0.008614
1.670000 -0.009418 -0.004406 -0.009462 -0.021786 -0.011118 -0.009646 -0.010800 -0.008786
1.675000 -0.009881 -0.004491 -0.009840 -0.022852 -0.011025 -0.009631 -0.010827 -0.008716
1.680000 -0.010072 -0.004454 -0.009946 -0.023285 -0.010632 -0.009353 -0.010559 -0.008410
1.685000 -0.009989 -0.004299 -0.009781 -0.023080 -0.009955 -0.008825 -0.010008 -0.007879
1.690000 -0.009637 -0.004031 -0.009355 -0.022248 -0.009015 -0.008063 -0.009192 -0.007142
1.695000 -0.009030 -0.003661 -0.008683 -0.020818 -0.007844 -0.007094 -0.008137 -0.006222
1.700000 -0.008188 -0.003199 -0.007786 -0.018835 -0.006475 -0.005945 -0.006876 -0.005146
1.705000 -0.007138 -0.002661 -0.006691 -0.016359 -0.004949 -0.004651 -0.005446 -0.003947
1.710000 -0.005910 -0.002061 -0.005432 -0.013461 -0.003310 -0.003249 -0.003889 -0.002658
1.715000 -0.004541 -0.001418 -0.004044 -0.010226 -0.001605 -0.001779 -0.002248 -0.001316
1.720000 -0.003068 -0.000749 -0.002567 -0.006745 0.000120 -0.000281 -0.000570 0.000041
1.725000 -0.001534 -0.000073 -0.001042 -0.003114 0.001816 0.001202 0.001100 0.001377
1.730000 0.000019 0.000593 0.000489 0.000565 0.003438 0.002631 0.002715 0.002654
1.735000 0.001549 0.001229 0.001984 0.004193 0.004942 0.003967 0.004233 0.003841
1.740000 0.003016 0.001821 0.003404 0.007670 0.006290 0.005176 0.005613 0.004904
1.745000 0.004381 0.002353 0.004711 0.010904 0.007447 0.006227 0.006821 0.005818
1.750000 0.005607 0.002812 0.005873 0.013808 0.008383 0.007093 0.007825 0.006560
1.755000 0.006665 0.003186 0.006858 0.016308 0.009077 0.007752 0.008602 0.007112
1.760000 0.007528 0.003468 0.007644 0.018338 0.009513 0.008192 0.009133 0.007462
1.765000 0.008175 0.003652 0.008213 0.019848 0.009683 0.008401 0.009407 0.007603
1.770000 0.008593 0.003735 0.008551 0.020803 0.009586 0.008379 0.009421 0.007535
1.775000 0.008773 0.003716 0.008653 0.021182 0.009229 0.008129 0.009179 0.007263
1.780000 0.008714 0.003598 0.008520 0.020979 0.008625 0.007661 0.008690 0.006798
1.785000 0.008420 0.003385 0.008159 0.020208 0.007795 0.006991 0.007971 0.006154
1.790000 0.007904 0.003086 0.007583 0.018893 0.006763 0.006141 0.007046 0.005353
1.795000 0.007182 0.002710 0.006810 0.017077 0.005562 0.005136 0.005942 0.004418
1.800000 0.006276 0.002269 0.005864 0.014814 0.004227 0.004005 0.004693 0.003377
1.805000 0.005214 0.001775 0.004774 0.012169 0.002796 0.002782 0.003333 0.002259
1.810000 0.004027 0.001243 0.003571 0.009219 0.001309 0.001500 0.001903 0.001098
1.815000 0.002748 0.000688 0.002289 0.006048 -0.000193 0.000197 0.000442 -0.000077
1.820000 0.001414 0.000125 0.000963 0.002743 -0.001667 -0.001093 -0.001011 -0.001231
1.825000 0.000060 -0.000430 -0.000369 -0.000603 -0.003074 -0.002335 -0.002414 -0.002334
1.830000 -0.001275 -0.000964 -0.001672 -0.003900 -0.004377 -0.003495 -0.003732 -0.003357
1.835000 -0.002557 -0.001461 -0.002911 -0.007058 -0.005541 -0.004543 -0.004928 -0.004273
1.840000 -0.003752 -0.001910 -0.004053 -0.009992 -0.006537 -0.005452 -0.005974 -0.005059
1.845000 -0.004829 -0.002299 -0.005069 -0.012625 -0.007341 -0.006199 -0.006841 -0.005695
1.850000 -0.005759 -0.002620 -0.005934 -0.014887 -0.007932 -0.006767 -0.007509 -0.006167
1.855000 -0.006521 -0.002864 -0.006625 -0.016722 -0.008298 -0.007142 -0.007963 -0.006463
1.860000 -0.007096 -0.003026 -0.007128 -0.018083 -0.008432 -0.007317 -0.008194 -0.006579
1.865000 -0.007472 -0.003105 -0.007431 -0.018937 -0.008335 -0.007290 -0.008198 -0.006514
1.870000 -0.007641 -0.003099 -0.007528 -0.019268 -0.008011 -0.007065 -0.007979 -0.006272
1.875000 -0.007601 -0.003010 -0.007421 -0.019070 -0.007473 -0.006651 -0.007545 -0.005864
1.880000 -0.007356 -0.002842 -0.007115 -0.018354 -0.006738 -0.006062 -0.006913 -0.005302
1.885000 -0.006917 -0.002601 -0.006621 -0.017146 -0.005831 -0.005316 -0.006101 -0.004604
1.890000 -0.006298 -0.002295 -0.005956 -0.015482 -0.004777 -0.004436 -0.005135 -0.003792
1.895000 -0.005517 -0.001933 -0.005139 -0.013414 -0.003609 -0.003448 -0.004043 -0.002888
1.900000 -0.004599 -0.001527 -0.004196 -0.011000 -0.002359 -0.002381 -0.002857 -0.001919
1.905000 -0.003570 -0.001087 -0.003152 -0.008311 -0.001062 -0.001264 -0.001610 -0.000913
1.910000 -0.002460 -0.000627 -0.002039 -0.005422 0.000244 -0.000129 -0.000337 0.000102
1.915000 -0.001299 -0.000158 -0.000887 -0.002414 0.001525 0.000993 0.000926 0.001100
1.920000 -0.000120 0.000305 0.000272 0.000630 0.002746 0.002072 0.002146 0.002052
1.925000 0.001046 0.000752 0.001407 0.003626 0.003874 0.003078 0.003289 0.002935
1.930000 0.002166 0.001170 0.002488 0.006494 0.004880 0.003986 0.004327 0.003723
1.935000 0.003212 0.001549 0.003486 0.009156 0.005738 0.004773 0.005231 0.004399
1.940000 0.004157 0.001879 0.004375 0.011542 0.006427 0.005418 0.005980 0.004945
1.945000 0.004976 0.002153 0.005133 0.013591 0.006931 0.005906 0.006555 0.005347
1.950000 0.005648 0.002363 0.005741 0.015248 0.007238 0.006226 0.006943 0.005598
1.955000 0.006159 0.002507 0.006186 0.016474 0.007343 0.006372 0.007137 0.005693
1.960000 0.006497 0.002580 0.006457 0.017239 0.007245 0.006342 0.007133 0.005631
1.965000 0.006654 0.002583 0.006549 0.017526 0.006952 0.006140 0.006935 0.005417
1.970000 0.006629 0.002517 0.006464 0.017334 0.006473 0.005774 0.006551 0.005059
1.975000 0.006426 0.002384 0.006204 0.016671 0.005824 0.005255 0.005994 0.004568
1.980000 0.006053 0.002191 0.005782 0.015560 0.005026 0.004601 0.005282 0.003961
1.985000 0.005522 0.001942 0.005209 0.014037 0.004102 0.003832 0.004437 0.003254
1.990000 0.004849 0.001646 0.004503 0.012146 0.003080 0.002969 0.003483 0.002470
1.995000 0.004056 0.001311 0.003687 0.009943 0.001988 0.002037 0.002447 0.001631
2.000000 0.003164 0.000948 0.002782 0.007491 0.000858 0.001064 0.001361 0.000760
