t Wilson Newmark1 Newmark2 Newmark3 Central Difference Constant Approximation Linear Approximation Analytical
0.000000 0.000000 0.000000 0.000000 0.000000 0.000000 0.000000 0.000000 0.496327
0.005000 0.983384 0.973345 0.982971 0.990632 0.985917 0.988181 0.988181 1.465420
0.010000 1.922663 1.898189 1.922117 1.944425 1.930608 1.935104 1.935104 2.379926
0.015000 2.795613 2.754643 2.795720 2.835764 2.808881 2.815575 2.815575 3.215771
0.020000 3.580348 3.521020 3.581116 3.640987 3.597721 3.606577 3.606577 3.951387
0.025000 4.257172 4.178510 4.258372 4.339014 4.276893 4.287864 4.287864 4.568265
0.030000 4.809435 4.711574 4.810764 4.911894 4.829445 4.842472 4.842472 5.051406
0.035000 5.224047 5.108302 5.225185 5.345267 5.242131 5.257134 5.257134 5.389683
0.040000 5.491805 5.360663 5.492446 5.628712 5.505714 5.522586 5.522586 5.576080
0.045000 5.607597 5.464644 5.607463 5.756000 5.615164 5.633764 5.633764 5.607824
0.050000 5.570482 5.420285 5.569343 5.725215 5.569728 5.589879 5.589879 5.486393
0.055000 5.383655 5.231595 5.381339 5.538767 5.372896 5.394377 5.394377 5.217416
0.060000 5.054306 4.906376 5.050706 5.203284 5.032239 5.054784 5.054784 4.810453
0.065000 4.593361 4.455935 4.588447 4.729388 4.559144 4.582440 4.582440 4.278675
0.070000 4.015143 3.894719 4.008961 4.131364 3.968449 3.992139 3.992139 3.638455
0.075000 3.336931 3.239868 3.329604 3.426738 3.277988 3.301670 3.301670 2.908867
0.080000 2.578452 2.510702 2.570176 2.635767 2.508059 2.531294 2.531294 2.111131
0.085000 1.761315 1.728166 1.752354 1.780856 1.680834 1.703154 1.703154 1.268002
0.090000 0.908402 0.914233 0.899077 0.885932 0.819729 0.840644 0.840644 0.403125
0.095000 0.043232 0.091302 0.033909 -0.024229 -0.051257 -0.032243 -0.032243 -0.459621
0.100000 -0.810686 -0.718416 -0.819608 -0.924679 -0.908200 -0.891583 -0.891583 -1.296778
0.105000 -1.630482 -1.493485 -1.638588 -1.790985 -1.727911 -1.714165 -1.714165 -2.085938
0.110000 -2.394534 -2.213805 -2.401411 -2.599886 -2.488551 -2.478118 -2.478118 -2.806341
0.115000 -3.083034 -2.861126 -3.088288 -3.329916 -3.170212 -3.163485 -3.163485 -3.439414
0.120000 -3.678497 -3.419498 -3.681767 -3.961972 -3.755431 -3.752738 -3.752738 -3.969243
0.125000 -4.166199 -3.875659 -4.167174 -4.479810 -4.229630 -4.231224 -4.231224 -4.382965
0.130000 -4.534532 -4.219337 -4.532968 -4.870458 -4.581475 -4.587517 -4.587517 -4.671075
0.135000 -4.775274 -4.443466 -4.771006 -5.124539 -4.803138 -4.813687 -4.813687 -4.827633
0.140000 -4.883765 -4.544319 -4.876712 -5.236488 -4.890455 -4.905461 -4.905461 -4.850368
0.145000 -4.858976 -4.521541 -4.849155 -5.204671 -4.842994 -4.862291 -4.862291 -4.740690
0.150000 -4.703489 -4.378093 -4.691014 -5.031381 -4.664005 -4.687312 -4.687312 -4.503592
0.155000 -4.423375 -4.120113 -4.408457 -4.722749 -4.360285 -4.387201 -4.387201 -4.147461
0.160000 -4.027975 -3.756692 -4.010925 -4.288526 -3.941937 -3.971951 -3.971951 -3.683798
0.165000 -3.529612 -3.299569 -3.510825 -3.741792 -3.422043 -3.454542 -3.454542 -3.126856
0.170000 -2.943202 -2.762769 -2.923155 -3.098558 -2.816273 -2.850550 -2.850550 -2.493216
0.175000 -2.285828 -2.162187 -2.265063 -2.377309 -2.142411 -2.177684 -2.177684 -1.801292
0.180000 -1.576237 -1.515123 -1.555346 -1.598469 -1.419840 -1.455269 -1.455269 -1.070807
0.185000 -0.834319 -0.839790 -0.813925 -0.783826 -0.668996 -0.703703 -0.703703 -0.322236
0.190000 -0.080547 -0.154815 -0.061289 0.044069 0.089214 0.056123 0.056123 0.423764
0.195000 0.664577 0.521273 0.682071 0.862531 0.833983 0.803390 0.803390 1.146920
0.200000 1.381082 1.170535 1.396209 1.649357 1.545174 1.517929 1.517929 1.825831
0.205000 2.043919 1.767875 2.056083 2.379299 2.197653 2.168400 2.174547 2.434389
0.210000 2.629852 2.294277 2.638518 3.024782 2.768255 2.738016 2.750025 2.955077
0.215000 3.124183 2.737040 3.128945 3.569062 3.242591 3.212435 3.229865 3.375035
0.220000 3.514895 3.085896 3.515451 3.998317 3.609109 3.580117 3.602387 3.684355
0.225000 3.792936 3.333289 3.789107 4.301996 3.859367 3.832597 3.859001 3.876290
0.230000 3.952425 3.474523 3.944159 4.473077 3.988222 3.964670 3.994401 3.947395
0.235000 3.990763 3.507835 3.978143 4.508217 3.993916 3.974487 4.006657 3.897563
0.240000 3.908654 3.434387 3.891898 4.407809 3.878083 3.863553 3.897224 3.729985
0.245000 3.710042 3.258177 3.689501 4.175938 3.645649 3.636645 3.670848 3.451008
0.250000 3.401955 2.985880 3.378106 3.820228 3.304651 3.301624 3.335393 3.069916
0.255000 2.994275 2.626618 2.967707 3.351599 2.865976 2.869187 2.901579 2.598633
0.260000 2.499428 2.191668 2.470829 2.783942 2.343016 2.352524 2.382649 2.051359
0.265000 1.932010 1.694119 1.902149 2.133706 1.751272 1.766932 1.793974 1.444147
0.270000 1.308368 1.148489 1.278071 1.419425 1.107898 1.129361 1.152599 0.794438
0.275000 0.646130 0.570306 0.616256 0.661195 0.431207 0.457930 0.476759 0.120568
0.280000 -0.036290 -0.024325 -0.064869 -0.119890 -0.259844 -0.228580 -0.214638 -0.558749
0.285000 -0.720195 -0.619163 -0.746627 -0.902325 -0.946179 -0.911252 -0.902534 -1.224934
0.290000 -1.387118 -1.198274 -1.410591 -1.664782 -1.609130 -1.571547 -1.568243 -1.860046
0.295000 -2.019315 -1.746446 -2.039088 -2.386687 -2.230938 -2.191805 -2.193956 -2.447264
0.300000 -2.600233 -2.249585 -2.615653 -3.048777 -2.795224 -2.755714 -2.763209 -2.971323
0.305000 -3.114941 -2.695073 -3.125469 -3.633611 -3.287418 -3.248731 -3.261317 -3.418912
0.310000 -3.550506 -3.072076 -3.555732 -4.126024 -3.695129 -3.658458 -3.675747 -3.779002
0.315000 -3.896316 -3.371798 -3.895978 -4.513521 -4.008454 -3.974943 -3.996424 -4.043115
0.320000 -4.144332 -3.587683 -4.138322 -4.786589 -4.220206 -4.190919 -4.215974 -4.205513
0.325000 -4.289270 -3.715543 -4.277641 -4.938926 -4.326082 -4.301963 -4.329887 -4.263317
0.330000 -4.328698 -3.753630 -4.311668 -4.967584 -4.324726 -4.306573 -4.336591 -4.216538
0.335000 -4.263070 -3.702630 -4.241012 -4.873010 -4.217732 -4.206168 -4.237462 -4.068034
0.340000 -4.095662 -3.565607 -4.069105 -4.659008 -4.009554 -4.005007 -4.036734 -3.823390
0.345000 -3.832450 -3.347865 -3.802058 -4.332594 -3.707345 -3.710033 -3.741350 -3.490725
0.350000 -3.481910 -3.056773 -3.448469 -3.903778 -3.320720 -3.330640 -3.360729 -3.080431
0.355000 -3.054749 -2.701523 -3.019144 -3.385261 -2.861459 -2.878389 -2.906476 -2.604855
0.360000 -2.563588 -2.292852 -2.526781 -2.792061 -2.343154 -2.366654 -2.392032 -2.077937
0.365000 -2.022593 -1.842720 -1.985596 -2.141080 -1.780813 -1.810237 -1.832283 -1.514802
0.370000 -1.447071 -1.363973 -1.410915 -1.450626 -1.190426 -1.224943 -1.243133 -0.931332
0.375000 -0.853040 -0.869978 -0.818748 -0.739903 -0.588519 -0.627132 -0.641054 -0.343722
0.380000 -0.256788 -0.374256 -0.225345 -0.028473 0.008309 -0.033269 -0.042635 0.231965
0.385000 0.325571 0.109883 0.353247 0.664275 0.583838 0.540528 0.535879 0.780235
0.390000 0.878530 0.569692 0.901615 1.319656 1.122665 1.078922 1.079019 1.286574
0.395000 1.387597 0.993320 1.405385 1.920186 1.610612 1.567762 1.572506 1.737832
0.400000 1.839672 1.370107 1.851598 2.450051 2.035097 1.994452 2.003618 1.876550
0.405000 1.984225 1.370446 1.988152 2.734542 2.143471 1.866535 2.119507 1.712970
0.410000 1.827968 1.173834 1.823504 2.611498 1.943569 1.689635 1.928975 1.505284
0.415000 1.624735 0.951486 1.613491 2.418534 1.693509 1.469281 1.688668 1.259760
0.420000 1.380621 0.707861 1.362936 2.161602 1.400844 1.212106 1.405854 0.983655
0.425000 1.102781 0.449912 1.079206 1.848339 1.074184 0.925649 1.088853 0.684951
0.430000 0.799188 0.184822 0.770446 1.487836 0.722940 0.618138 0.746796 0.372123
0.435000 0.478397 -0.080175 0.445359 1.090387 0.357057 0.298254 0.389363 0.053904
0.440000 0.149309 -0.337982 0.112965 0.667185 -0.013263 -0.025111 0.026513 -0.260960
0.445000 -0.179083 -0.581830 -0.217652 0.230015 -0.377845 -0.343098 -0.331793 -0.563947
0.450000 -0.497931 -0.805456 -0.537588 -0.209074 -0.726820 -0.647125 -0.675861 -0.846986
0.455000 -0.798773 -1.003253 -0.838356 -0.638100 -1.050887 -0.929113 -0.996526 -1.102674
0.460000 -1.073751 -1.170416 -1.112109 -1.045478 -1.341561 -1.181701 -1.285394 -1.324463
0.465000 -1.315823 -1.303051 -1.351846 -1.420323 -1.591391 -1.398437 -1.535058 -1.506827
0.470000 -1.518930 -1.398261 -1.551585 -1.752748 -1.794148 -1.573937 -1.739288 -1.645399
0.475000 -1.678153 -1.454209 -1.706511 -2.034118 -1.944982 -1.704019 -1.893179 -1.737069
0.480000 -1.789829 -1.470144 -1.813092 -2.257277 -2.040527 -1.785800 -1.993271 -1.780052
0.485000 -1.851628 -1.446400 -1.869149 -2.416723 -2.078979 -1.817754 -2.037619 -1.773915
0.490000 -1.862598 -1.384368 -1.873903 -2.508746 -2.060115 -1.799733 -2.025824 -1.719570
0.495000 -1.823174 -1.286439 -1.827971 -2.531509 -1.985283 -1.732953 -1.959022 -1.619227
0.500000 -1.735142 -1.155917 -1.733329 -2.485082 -1.857338 -1.619942 -1.839830 -1.476315
0.505000 -1.601574 -0.996920 -1.593242 -2.371418 -1.680544 -1.464448 -1.672257 -1.295372
0.510000 -1.426727 -0.814247 -1.412153 -2.194280 -1.460437 -1.271322 -1.461567 -1.081899
0.515000 -1.215909 -0.613241 -1.195550 -1.959127 -1.203654 -1.046373 -1.214127 -0.842203
0.520000 -0.975322 -0.399635 -0.949800 -1.672940 -0.917738 -0.796188 -0.937208 -0.583208
0.525000 -0.711882 -0.179391 -0.681963 -1.344025 -0.610917 -0.527948 -0.638782 -0.312258
0.530000 -0.433023 0.041468 -0.399596 -0.981765 -0.291872 -0.249222 -0.327288 -0.036912
0.535000 -0.146488 0.257013 -0.110536 -0.596362 0.030511 0.032247 -0.011401 0.235267
0.540000 0.139885 0.461574 0.177310 -0.198546 0.347381 0.308752 0.300212 0.496914
0.545000 0.418375 0.649879 0.456186 0.200724 0.650168 0.572834 0.599124 0.741066
0.550000 0.681583 0.817195 0.718689 0.590555 0.930811 0.817480 0.877379 0.961340
0.555000 0.922629 0.959441 0.957966 0.960422 1.181968 1.036309 1.127698 1.152100
0.560000 1.135332 1.073282 1.167891 1.300447 1.397212 1.223736 1.343668 1.308598
0.565000 1.314359 1.156211 1.343219 1.601664 1.571187 1.375111 1.519905 1.427094
0.570000 1.455366 1.206594 1.479719 1.856252 1.699743 1.486834 1.652186 1.504936
0.575000 1.555096 1.223702 1.574266 2.057740 1.780029 1.556438 1.737546 1.540621
0.580000 1.611451 1.207710 1.624915 2.201167 1.810554 1.582639 1.774340 1.533816
0.585000 1.623534 1.159675 1.630938 2.283202 1.791207 1.565352 1.762272 1.485351
0.590000 1.591655 1.081494 1.592818 2.302222 1.723240 1.505680 1.702379 1.397177
0.595000 1.517304 0.975834 1.512227 2.258335 1.609215 1.405863 1.596987 1.272295
0.600000 1.403096 0.846049 1.391959 2.153362 1.452912 1.269202 1.449627 1.114664
0.605000 1.252684 0.696073 1.235839 1.990770 1.259214 1.099956 1.264922 0.929070
0.610000 1.070644 0.530307 1.048604 1.775561 1.033949 0.903206 1.048444 0.720992
0.615000 0.862340 0.353492 0.835765 1.514122 0.783727 0.684711 0.806552 0.496436
0.620000 0.633768 0.170574 0.603441 1.214034 0.515741 0.450738 0.546202 0.261766
0.625000 0.391383 -0.013432 0.358192 0.883858 0.237565 0.207883 0.274754 0.023525
0.630000 0.141921 -0.193577 0.106830 0.532886 -0.043059 -0.037108 -0.000238 -0.211747
0.635000 -0.107788 -0.365110 -0.143766 0.170886 -0.318435 -0.277533 -0.271231 -0.437687
0.640000 -0.351005 -0.523599 -0.386839 -0.192168 -0.581120 -0.506909 -0.530904 -0.648285
0.645000 -0.581264 -0.665050 -0.615932 -0.546378 -0.824127 -0.719149 -0.772347 -0.838040
0.650000 -0.792541 -0.785996 -0.825060 -0.882181 -1.041108 -0.908720 -0.989249 -1.002101
0.655000 -0.979408 -0.883589 -1.008864 -1.190612 -1.226517 -1.070788 -1.176058 -1.136390
0.660000 -1.137178 -0.955660 -1.162747 -1.463541 -1.375750 -1.201339 -1.328123 -1.237701
0.665000 -1.262011 -1.000763 -1.282987 -1.693886 -1.485258 -1.297273 -1.441806 -1.303776
0.670000 -1.351014 -1.018204 -1.366825 -1.875794 -1.552629 -1.356481 -1.514567 -1.333349
0.675000 -1.402301 -1.008042 -1.412524 -2.004793 -1.576635 -1.377882 -1.545020 -1.326170
0.680000 -1.415029 -0.971075 -1.419405 -2.077894 -1.557249 -1.361442 -1.532949 -1.282989
0.685000 -1.389410 -0.908802 -1.387846 -2.093661 -1.495631 -1.308159 -1.479298 -1.205529
0.690000 -1.326684 -0.823374 -1.319256 -2.052235 -1.394076 -1.220019 -1.386135 -1.096418
0.695000 -1.229075 -0.717518 -1.216028 -1.955314 -1.255937 -1.099927 -1.256569 -0.959106
0.700000 -1.099718 -0.594458 -1.081452 -1.806088 -1.085514 -0.951620 -1.094658 -0.797761
0.705000 -0.942556 -0.457819 -0.919619 -1.609145 -0.887931 -0.779545 -0.905281 -0.617139
0.710000 -0.762228 -0.311517 -0.735296 -1.370322 -0.668975 -0.588735 -0.693995 -0.422450
0.715000 -0.563930 -0.159656 -0.533789 -1.096544 -0.434933 -0.384659 -0.466874 -0.219209
0.720000 -0.353269 -0.006408 -0.320790 -0.795616 -0.192415 -0.173068 -0.230332 -0.013079
0.725000 -0.136103 0.144095 -0.102220 -0.476006 0.051837 0.040165 0.009049 0.190282
0.730000 0.081617 0.287875 0.115936 -0.146606 0.291127 0.249210 0.244710 0.385381
0.735000 0.294010 0.421209 0.327792 0.183513 0.518997 0.448432 0.470285 0.567030
0.740000 0.495424 0.540725 0.527716 0.505349 0.729390 0.632549 0.679776 0.730486
0.745000 0.680585 0.643484 0.710482 0.810218 0.916817 0.796765 0.867711 0.871575
0.750000 0.844732 0.727052 0.871401 1.089983 1.076493 0.936895 1.029284 0.986794
0.755000 0.983739 0.789558 1.006445 1.337273 1.204464 1.049472 1.160477 1.073398
0.760000 1.094218 0.829727 1.112342 1.545674 1.297694 1.131830 1.258157 1.129463
0.765000 1.173598 0.846909 1.186654 1.709894 1.354144 1.182165 1.320151 1.153924
0.770000 1.220185 0.841080 1.227833 1.825899 1.372805 1.199571 1.345287 1.146594
0.775000 1.233193 0.812836 1.235248 1.891010 1.353718 1.184050 1.333416 1.108156
0.780000 1.212754 0.763358 1.209190 1.903957 1.297950 1.136504 1.285399 1.040127
0.785000 1.159898 0.694377 1.150847 1.864907 1.207558 1.058693 1.203068 0.944807
0.790000 1.076517 0.608110 1.062265 1.775442 1.085510 0.953175 1.089163 0.825207
0.795000 0.965297 0.507197 0.946277 1.638498 0.935600 0.823227 0.947245 0.684949
0.800000 0.829638 0.394620 0.806413 1.458280 0.762322 0.672742 0.781587 0.528167
0.805000 0.673550 0.273616 0.646797 1.240126 0.570749 0.506118 0.597045 0.359380
0.810000 0.501536 0.147586 0.472029 0.990358 0.366374 0.328126 0.398919 0.183366
0.815000 0.318464 0.020001 0.287050 0.716094 0.154964 0.143781 0.192804 0.005026
0.820000 0.129430 -0.105692 0.097003 0.425049 -0.057609 -0.041804 -0.015571 -0.170748
0.825000 -0.060381 -0.226163 -0.092903 0.125319 -0.265523 -0.223557 -0.220497 -0.339209
0.830000 -0.245840 -0.338283 -0.277541 -0.174845 -0.463170 -0.396583 -0.416444 -0.495881
0.835000 -0.422005 -0.439210 -0.452001 -0.467261 -0.645304 -0.556296 -0.598203 -0.636676
0.840000 -0.584260 -0.526453 -0.611716 -0.744040 -0.807177 -0.698538 -0.761031 -0.758002
0.845000 -0.728427 -0.597935 -0.752589 -0.997797 -0.944664 -0.819689 -0.900766 -0.856849
0.850000 -0.850878 -0.652043 -0.871086 -1.221849 -1.054366 -0.916756 -1.013939 -0.930868
0.855000 -0.948622 -0.687657 -0.964333 -1.410386 -1.133691 -0.987444 -1.097852 -0.978419
0.860000 -1.019378 -0.704175 -1.030177 -1.558627 -1.180914 -1.030210 -1.150645 -0.998608
0.865000 -1.061623 -0.701519 -1.067238 -1.662933 -1.195212 -1.044295 -1.171330 -0.991301
0.870000 -1.074629 -0.680124 -1.074932 -1.720900 -1.176673 -1.029732 -1.159812 -0.957113
0.875000 -1.058464 -0.640920 -1.053479 -1.731408 -1.126280 -0.987333 -1.116870 -0.897382
0.880000 -1.013982 -0.585296 -1.003881 -1.694645 -1.045870 -0.918657 -1.044131 -0.814122
0.885000 -0.942790 -0.515055 -0.927887 -1.612081 -0.938074 -0.825956 -0.944008 -0.709956
0.890000 -0.847192 -0.432354 -0.827933 -1.486421 -0.806234 -0.712103 -0.819626 -0.588038
0.895000 -0.730116 -0.339648 -0.707067 -1.321517 -0.654296 -0.580508 -0.674725 -0.451956
0.900000 -0.595028 -0.239608 -0.568857 -1.122251 -0.486701 -0.435010 -0.513549 -0.305630
0.905000 -0.445830 -0.135055 -0.417290 -0.894394 -0.308252 -0.279776 -0.340725 -0.153200
0.910000 -0.286750 -0.028874 -0.256652 -0.644438 -0.123978 -0.119175 -0.161129 0.001091
0.915000 -0.122218 0.076060 -0.091415 -0.379411 0.061007 0.042341 0.020249 0.153015
0.920000 0.043248 0.176961 0.073892 -0.106683 0.241641 0.200359 0.198442 0.298469
0.925000 0.205172 0.271202 0.234801 0.166239 0.413056 0.350627 0.368645 0.433593
0.930000 0.359238 0.356385 0.387030 0.431919 0.570706 0.489163 0.526335 0.554862
0.935000 0.501404 0.430403 0.526594 0.683190 0.710488 0.612365 0.667402 0.659186
0.940000 0.628006 0.491485 0.649907 0.913351 0.828844 0.717100 0.788242 0.743979
0.945000 0.735852 0.538240 0.753873 1.116341 0.922854 0.800782 0.885858 0.807231
0.950000 0.822303 0.569690 0.835965 1.286901 0.990305 0.861439 0.957929 0.847544
0.955000 0.885334 0.585283 0.894285 1.420707 1.029742 0.897751 1.002863 0.864168
0.960000 0.923582 0.584904 0.927601 1.514479 1.040494 0.909085 1.019829 0.857011
0.965000 0.936370 0.568866 0.935377 1.566061 1.022684 0.895492 1.008771 0.826627
0.970000 0.923720 0.537897 0.917773 1.574466 0.977212 0.857706 0.970397 0.774195
0.975000 0.886337 0.493111 0.875635 1.539896 0.905723 0.797107 0.906150 0.701478
0.980000 0.825585 0.435969 0.810457 1.463719 0.810544 0.715676 0.818153 0.610763
0.985000 0.743437 0.368238 0.724333 1.348424 0.694619 0.615934 0.709150 0.504792
0.990000 0.642418 0.291933 0.619895 1.197542 0.561413 0.500863 0.582413 0.386683
0.995000 0.525521 0.209261 0.500230 1.015536 0.414814 0.373820 0.441652 0.259834
1.000000 0.396128 0.122557 0.368790 0.807674 0.259018 0.238439 0.290905 0.127833
1.005000 0.257908 0.034221 0.229298 0.579876 0.098412 0.098529 0.134422 -0.005648
1.010000 0.114717 -0.053351 0.085639 0.338546 -0.062550 -0.042034 -0.023450 -0.136952
1.015000 -0.029514 -0.137828 -0.058247 0.090393 -0.219467 -0.179412 -0.178393 -0.262538
1.020000 -0.170878 -0.217006 -0.198470 -0.157755 -0.368115 -0.309909 -0.326227 -0.379072
1.025000 -0.305604 -0.288865 -0.331294 -0.399138 -0.504556 -0.430071 -0.463030 -0.483518
1.030000 -0.430154 -0.351620 -0.453241 -0.627247 -0.625242 -0.536775 -0.585236 -0.573216
1.035000 -0.541314 -0.403763 -0.561173 -0.836000 -0.727107 -0.627310 -0.689728 -0.645946
1.040000 -0.636278 -0.444100 -0.652380 -1.019903 -0.807643 -0.699444 -0.773916 -0.699986
1.045000 -0.712718 -0.471775 -0.724639 -1.174192 -0.864961 -0.751480 -0.835803 -0.734148
1.050000 -0.768838 -0.486287 -0.776276 -1.294960 -0.897833 -0.782293 -0.874027 -0.747802
1.055000 -0.803415 -0.487499 -0.806193 -1.379249 -0.905717 -0.791351 -0.887889 -0.740887
1.060000 -0.815827 -0.475631 -0.813900 -1.425125 -0.888760 -0.778722 -0.877367 -0.713904
1.065000 -0.806057 -0.451249 -0.799509 -1.431722 -0.847785 -0.745067 -0.843100 -0.667892
1.070000 -0.774686 -0.415246 -0.763732 -1.399250 -0.784261 -0.691607 -0.786367 -0.604391
1.075000 -0.722871 -0.368805 -0.707844 -1.328982 -0.700247 -0.620085 -0.709038 -0.525395
1.080000 -0.652303 -0.313371 -0.633648 -1.223207 -0.598337 -0.532711 -0.613519 -0.433291
1.085000 -0.565154 -0.250598 -0.543414 -1.085162 -0.481570 -0.432096 -0.502677 -0.330785
1.090000 -0.464014 -0.182308 -0.439812 -0.918927 -0.353352 -0.321172 -0.379751 -0.220826
1.095000 -0.351810 -0.110434 -0.325835 -0.729311 -0.217347 -0.203111 -0.248266 -0.106520
1.100000 -0.231727 -0.036970 -0.204712 -0.521712 -0.077384 -0.081230 -0.111928 0.008954
1.105000 -0.107118 0.036086 -0.079819 -0.301965 0.062661 0.041093 0.025480 0.122434
1.110000 0.018591 0.106785 0.045416 -0.076177 0.198962 0.160522 0.160200 0.230860
1.115000 0.141994 0.173279 0.167605 0.149441 0.327854 0.273845 0.288601 0.331358
1.120000 0.259796 0.233867 0.283492 0.368744 0.445923 0.378065 0.407277 0.421309
1.125000 0.368900 0.287039 0.390039 0.575822 0.550106 0.470474 0.513138 0.498426
1.130000 0.466489 0.331510 0.484501 0.765153 0.637757 0.548728 0.603486 0.560803
1.135000 0.550094 0.366257 0.564505 0.931758 0.706726 0.610899 0.676084 0.606965
1.140000 0.617663 0.390532 0.628098 1.071322 0.755399 0.655529 0.729215 0.635900
1.145000 0.667603 0.403886 0.673802 1.180313 0.782744 0.681657 0.761712 0.647082
1.150000 0.698819 0.406168 0.700641 1.256066 0.788322 0.688838 0.772990 0.640476
1.155000 0.710739 0.397529 0.708164 1.296848 0.772297 0.677153 0.763051 0.616530
1.160000 0.703319 0.378406 0.696450 1.301894 0.735422 0.647194 0.732472 0.576160
1.165000 0.677035 0.349512 0.666093 1.271424 0.679004 0.600042 0.682386 0.520714
1.170000 0.632868 0.311807 0.618185 1.206620 0.604868 0.537230 0.614441 0.451930
1.175000 0.572266 0.266468 0.554275 1.109590 0.515295 0.460697 0.530746 0.371883
1.180000 0.497098 0.214855 0.476321 0.983296 0.412954 0.372728 0.433810 0.282923
1.185000 0.409603 0.158469 0.386633 0.831471 0.300825 0.275882 0.326465 0.187608
1.190000 0.312315 0.098912 0.287804 0.658504 0.182111 0.172928 0.211786 0.088629
1.195000 0.208000 0.037839 0.182637 0.469318 0.060148 0.066759 0.093003 -0.011263
1.200000 0.099573 -0.023085 0.074064 0.269228 -0.061686 -0.039688 -0.026589 -0.109335
1.205000 -0.009984 -0.082232 -0.034932 0.063794 -0.180068 -0.143509 -0.143721 -0.202944
1.210000 -0.117698 -0.138051 -0.141402 -0.141336 -0.291816 -0.241914 -0.255238 -0.289607
1.215000 -0.220693 -0.189110 -0.242506 -0.340576 -0.393975 -0.332302 -0.358184 -0.367072
1.220000 -0.316256 -0.234133 -0.335591 -0.528557 -0.483896 -0.412327 -0.449881 -0.433369
1.225000 -0.401918 -0.272028 -0.418258 -0.700269 -0.559300 -0.479959 -0.527992 -0.486860
1.230000 -0.475510 -0.301917 -0.488427 -0.851197 -0.618342 -0.533537 -0.590589 -0.526284
1.235000 -0.535220 -0.323150 -0.544384 -0.977435 -0.659645 -0.571805 -0.636191 -0.550781
1.240000 -0.579637 -0.335324 -0.584823 -1.075791 -0.682340 -0.593943 -0.663803 -0.559909
1.245000 -0.607784 -0.338285 -0.608877 -1.143861 -0.686077 -0.599583 -0.672934 -0.553654
1.250000 -0.619133 -0.332129 -0.616135 -1.180093 -0.671030 -0.588809 -0.663604 -0.532418
1.255000 -0.613621 -0.317195 -0.606645 -1.183816 -0.637882 -0.562154 -0.636334 -0.497007
1.260000 -0.591637 -0.294050 -0.580906 -1.155252 -0.587801 -0.520574 -0.592127 -0.448600
1.265000 -0.554012 -0.263469 -0.539850 -1.095501 -0.522400 -0.465419 -0.532435 -0.388712
1.270000 -0.501984 -0.226413 -0.484808 -1.006499 -0.443686 -0.398388 -0.459106 -0.319148
1.275000 -0.437164 -0.183999 -0.417470 -0.890963 -0.354001 -0.321478 -0.374337 -0.241947
1.280000 -0.361483 -0.137463 -0.339833 -0.752304 -0.255954 -0.236929 -0.280603 -0.159329
1.285000 -0.277139 -0.088131 -0.254145 -0.594530 -0.152343 -0.147153 -0.180586 -0.073625
1.290000 -0.186531 -0.037378 -0.162836 -0.422127 -0.046077 -0.054672 -0.077102 0.012786
1.295000 -0.092192 0.013411 -0.068455 -0.239940 0.059905 0.037955 0.026980 0.097538
1.300000 0.003279 0.062875 0.026404 -0.053027 0.162714 0.128204 0.128816 0.178351
1.305000 0.097291 0.109713 0.119171 0.133471 0.259587 0.213652 0.225666 0.253082
1.310000 0.187330 0.152721 0.207373 0.314479 0.347968 0.292039 0.314963 0.319790
1.315000 0.271024 0.190821 0.288691 0.485120 0.425567 0.361335 0.394386 0.376779
1.320000 0.346206 0.223085 0.361031 0.640849 0.490420 0.419783 0.461913 0.422646
1.325000 0.410972 0.248760 0.422567 0.777570 0.540944 0.465949 0.515879 0.456309
1.330000 0.463723 0.267284 0.471796 0.891749 0.575967 0.498753 0.555011 0.477038
1.335000 0.503210 0.278296 0.507565 0.980500 0.594757 0.517497 0.578457 0.484463
1.340000 0.528558 0.281645 0.529105 1.041657 0.597037 0.521873 0.585808 0.478585
1.345000 0.539286 0.277387 0.536039 1.073828 0.582984 0.511971 0.577096 0.459765
1.350000 0.535315 0.265781 0.528394 1.076426 0.553220 0.488268 0.552791 0.428711
1.355000 0.516962 0.247277 0.506587 1.049674 0.508785 0.451610 0.513783 0.386454
1.360000 0.484930 0.222502 0.471413 0.994592 0.451105 0.403183 0.461347 0.334315
1.365000 0.440278 0.192239 0.424016 0.912963 0.381946 0.344478 0.397106 0.273864
1.370000 0.384392 0.157403 0.365854 0.807274 0.303365 0.277242 0.322982 0.206872
1.375000 0.318941 0.119014 0.298654 0.680644 0.217641 0.203431 0.241136 0.135262
1.380000 0.245827 0.078168 0.224364 0.536731 0.127221 0.125150 0.153910 0.061054
1.385000 0.167132 0.036006 0.145092 0.379627 0.034639 0.044596 0.063758 -0.013691
1.390000 0.085059 -0.006318 0.063052 0.213744 -0.057544 -0.036003 -0.026822 -0.086931
1.395000 0.001870 -0.047668 -0.019499 0.043687 -0.146818 -0.114451 -0.115357 -0.156694
1.400000 -0.080176 -0.086955 -0.100324 -0.125869 -0.230788 -0.188644 -0.199464 -0.221133
1.405000 -0.158881 -0.123165 -0.177265 -0.290311 -0.307239 -0.256621 -0.276918 -0.278574
1.410000 -0.232172 -0.155387 -0.248301 -0.445208 -0.374192 -0.316622 -0.345705 -0.327560
1.415000 -0.298148 -0.182834 -0.311598 -0.586436 -0.429958 -0.367129 -0.404078 -0.366884
1.420000 -0.355136 -0.204862 -0.365558 -0.710285 -0.473177 -0.406902 -0.450597 -0.395623
1.425000 -0.401727 -0.220984 -0.408860 -0.813551 -0.502850 -0.435015 -0.484168 -0.413154
1.430000 -0.436814 -0.230880 -0.440489 -0.893628 -0.518364 -0.450872 -0.504064 -0.419169
1.435000 -0.459617 -0.234404 -0.459761 -0.948564 -0.519502 -0.454217 -0.509942 -0.413680
1.440000 -0.469695 -0.231584 -0.466333 -0.977113 -0.506441 -0.445143 -0.501845 -0.397010
1.445000 -0.466960 -0.222614 -0.460214 -0.978759 -0.479743 -0.424075 -0.480197 -0.369783
1.450000 -0.451670 -0.207852 -0.441752 -0.953725 -0.440335 -0.391763 -0.445784 -0.332900
1.455000 -0.424417 -0.187804 -0.411626 -0.902958 -0.389478 -0.349249 -0.399728 -0.287512
1.460000 -0.386109 -0.163108 -0.370819 -0.828097 -0.328727 -0.297840 -0.343453 -0.234982
1.465000 -0.337936 -0.134513 -0.320588 -0.731422 -0.259882 -0.239064 -0.278640 -0.176851
1.470000 -0.281340 -0.102860 -0.262427 -0.615781 -0.184943 -0.174630 -0.207178 -0.114785
1.475000 -0.217968 -0.069053 -0.198022 -0.484516 -0.106042 -0.106374 -0.131111 -0.050535
1.480000 -0.149627 -0.034041 -0.129204 -0.341356 -0.025391 -0.036212 -0.052576 0.014118
1.485000 -0.078231 0.001217 -0.057896 -0.190321 0.054783 0.033918 0.026250 0.077407
1.490000 -0.005751 0.035771 0.013941 -0.035602 0.132297 0.102106 0.103218 0.137629
1.495000 0.065845 0.068710 0.084357 0.118547 0.205074 0.166523 0.176256 0.193191
1.500000 0.134637 0.099182 0.151473 0.267935 0.271196 0.225470 0.243434 0.242650
1.505000 0.198810 0.126418 0.213521 0.408538 0.328955 0.277420 0.303007 0.284753
1.510000 0.256700 0.149749 0.268901 0.536613 0.376894 0.321059 0.353461 0.318464
1.515000 0.306835 0.168626 0.316213 0.648796 0.413849 0.355321 0.393556 0.342993
1.520000 0.347975 0.182627 0.354296 0.742189 0.438969 0.379407 0.422350 0.357812
1.525000 0.379139 0.191470 0.382256 0.814434 0.451740 0.392809 0.439221 0.362662
1.530000 0.399630 0.195017 0.399484 0.863774 0.451993 0.395318 0.443885 0.357565
1.535000 0.409048 0.193273 0.405672 0.889091 0.439903 0.387023 0.436391 0.342809
1.540000 0.407298 0.186386 0.400811 0.889936 0.415979 0.368307 0.417119 0.318942
1.545000 0.394588 0.174637 0.385195 0.866529 0.381046 0.339830 0.386766 0.286753
1.550000 0.371417 0.158435 0.359400 0.819748 0.336217 0.302511 0.346319 0.247244
1.555000 0.338562 0.138298 0.324273 0.751101 0.282859 0.257494 0.297026 0.201601
1.560000 0.297046 0.114840 0.280896 0.662674 0.222555 0.206117 0.240358 0.151161
1.565000 0.248115 0.088752 0.230562 0.557074 0.157049 0.149872 0.177966 0.097369
1.570000 0.193194 0.060784 0.174731 0.437348 0.088207 0.090361 0.111632 0.041741
1.575000 0.133851 0.031719 0.114991 0.306898 0.017956 0.029252 0.043221 -0.014180
1.580000 0.071750 0.002359 0.053013 0.169384 -0.051765 -0.031766 -0.025375 -0.068868
1.585000 0.008604 -0.026507 -0.009496 0.028624 -0.119061 -0.091034 -0.092284 -0.120852
1.590000 -0.053867 -0.054113 -0.070842 -0.111517 -0.182130 -0.146962 -0.155708 -0.168757
1.595000 -0.113988 -0.079744 -0.129382 -0.247226 -0.239312 -0.198075 -0.213970 -0.211341
1.600000 -0.170172 -0.102752 -0.183578 -0.374851 -0.289130 -0.243051 -0.265559 -0.247525
1.605000 -0.220960 -0.122570 -0.232027 -0.490995 -0.330331 -0.280754 -0.309166 -0.276422
1.610000 -0.265059 -0.138728 -0.273505 -0.592608 -0.361917 -0.310263 -0.343719 -0.297353
1.615000 -0.301376 -0.150863 -0.306993 -0.677066 -0.383163 -0.330893 -0.368408 -0.309872
1.620000 -0.329044 -0.158726 -0.331702 -0.742240 -0.393640 -0.342211 -0.382705 -0.313762
1.625000 -0.347439 -0.162189 -0.347093 -0.786545 -0.393219 -0.344043 -0.386370 -0.309051
1.630000 -0.356199 -0.161242 -0.352884 -0.808983 -0.382069 -0.336478 -0.379459 -0.295996
1.635000 -0.355227 -0.155994 -0.349059 -0.809159 -0.360650 -0.319858 -0.362312 -0.275080
1.640000 -0.344687 -0.146668 -0.335861 -0.787289 -0.329696 -0.294768 -0.335545 -0.246990
1.645000 -0.325002 -0.133591 -0.313782 -0.744190 -0.290191 -0.262012 -0.300028 -0.212601
1.650000 -0.296834 -0.117185 -0.283549 -0.681245 -0.243337 -0.222596 -0.256854 -0.172944
1.655000 -0.261064 -0.097952 -0.246095 -0.600368 -0.190519 -0.177689 -0.207311 -0.129179
1.660000 -0.218766 -0.076462 -0.202538 -0.503939 -0.133267 -0.128594 -0.152840 -0.082560
1.665000 -0.171175 -0.053333 -0.154143 -0.394741 -0.073208 -0.076708 -0.094997 -0.034400
1.670000 -0.119650 -0.029215 -0.102287 -0.275875 -0.012022 -0.023487 -0.035406 0.013967
1.675000 -0.065637 -0.004774 -0.048421 -0.150676 0.048605 0.029602 0.024284 0.061221
1.680000 -0.010630 0.019329 0.005970 -0.022616 0.107024 0.081113 0.082447 0.106092
1.685000 0.043875 0.042457 0.059410 0.104786 0.161673 0.129668 0.137519 0.147394
1.690000 0.096413 0.064007 0.110469 0.228066 0.211116 0.173986 0.188047 0.184057
1.695000 0.145598 0.083433 0.157802 0.343908 0.254077 0.212922 0.232719 0.215152
1.700000 0.190149 0.100255 0.200185 0.449229 0.289479 0.245494 0.270405 0.239918
1.705000 0.228932 0.114071 0.236546 0.541265 0.316463 0.270906 0.300178 0.257776
1.710000 0.260984 0.124569 0.265988 0.617640 0.334417 0.288570 0.321343 0.268345
1.715000 0.285537 0.131531 0.287818 0.676429 0.342980 0.298118 0.333448 0.271447
1.720000 0.302036 0.134838 0.301557 0.716207 0.342055 0.299408 0.336295 0.267110
1.725000 0.310151 0.134470 0.306950 0.736078 0.331805 0.292523 0.329941 0.255567
1.730000 0.309785 0.130508 0.303974 0.735698 0.312646 0.277772 0.314693 0.237239
1.735000 0.301069 0.123126 0.292830 0.715281 0.285230 0.255668 0.291094 0.212730
1.740000 0.284358 0.112586 0.273938 0.675580 0.250424 0.226921 0.259910 0.182799
1.745000 0.260217 0.099232 0.247921 0.617870 0.209287 0.192411 0.222098 0.148345
1.750000 0.229404 0.083474 0.215585 0.543901 0.163034 0.153161 0.178786 0.110374
1.755000 0.192846 0.065780 0.177896 0.455851 0.113001 0.110309 0.131234 0.069973
1.760000 0.151612 0.046660 0.135949 0.356258 0.060609 0.065075 0.080796 0.028279
1.765000 0.106880 0.026655 0.090938 0.247950 0.007323 0.018724 0.028891 -0.013553
1.770000 0.059907 0.006317 0.044126 0.133964 -0.045389 -0.027463 -0.023049 -0.054382
1.775000 0.011993 -0.013803 -0.003199 0.017462 -0.096097 -0.072232 -0.073606 -0.093112
1.780000 -0.035557 -0.033171 -0.049750 -0.098357 -0.143446 -0.114384 -0.121425 -0.128719
1.785000 -0.081465 -0.051282 -0.094281 -0.210345 -0.186191 -0.152809 -0.165243 -0.160282
1.790000 -0.124517 -0.067675 -0.135618 -0.315489 -0.223233 -0.186514 -0.203923 -0.187002
1.795000 -0.163592 -0.081944 -0.172692 -0.410993 -0.253643 -0.214649 -0.236488 -0.208226
1.800000 -0.197695 -0.093746 -0.204562 -0.494351 -0.276686 -0.236530 -0.262139 -0.223458
1.805000 -0.225975 -0.102812 -0.230444 -0.563413 -0.291842 -0.251650 -0.280278 -0.232375
1.810000 -0.247755 -0.108953 -0.249726 -0.616439 -0.298810 -0.259697 -0.290519 -0.234830
1.815000 -0.262540 -0.112058 -0.261981 -0.652145 -0.297520 -0.260553 -0.292699 -0.230853
1.820000 -0.270032 -0.112104 -0.266982 -0.669729 -0.288125 -0.254301 -0.286875 -0.220651
1.825000 -0.270133 -0.109145 -0.264699 -0.668894 -0.271001 -0.241212 -0.273321 -0.204595
1.830000 -0.262947 -0.103320 -0.255299 -0.649845 -0.246728 -0.221744 -0.252520 -0.183212
1.835000 -0.248771 -0.094838 -0.239139 -0.613282 -0.216071 -0.196518 -0.225142 -0.157164
1.840000 -0.228090 -0.083978 -0.216755 -0.560375 -0.179960 -0.166306 -0.192030 -0.127232
1.845000 -0.201553 -0.071075 -0.188841 -0.492729 -0.139460 -0.132002 -0.154168 -0.094289
1.850000 -0.169961 -0.056514 -0.156231 -0.412332 -0.095740 -0.094601 -0.112656 -0.059278
1.855000 -0.134239 -0.040716 -0.119875 -0.321501 -0.050042 -0.055167 -0.068678 -0.023183
1.860000 -0.095408 -0.024129 -0.080809 -0.222815 -0.003641 -0.014802 -0.023468 0.012995
1.865000 -0.054562 -0.007210 -0.040128 -0.119041 0.042186 0.025381 0.021725 0.048272
1.870000 -0.012831 0.009579 0.001047 -0.013056 0.086197 0.064288 0.065670 0.081700
1.875000 0.028648 0.025792 0.041595 0.092232 0.127215 0.100880 0.107189 0.112396
1.880000 0.068759 0.041007 0.080430 0.193960 0.164165 0.134193 0.145185 0.139567
1.885000 0.106439 0.054833 0.116529 0.289392 0.196097 0.163368 0.178676 0.162526
1.890000 0.140708 0.066927 0.148956 0.375991 0.222211 0.187669 0.206813 0.180712
1.895000 0.170689 0.076999 0.176888 0.451487 0.241881 0.206506 0.228910 0.193701
1.900000 0.195637 0.084817 0.199636 0.513932 0.254661 0.219445 0.244451 0.201220
1.905000 0.214950 0.090215 0.216662 0.561756 0.260303 0.226219 0.253107 0.203145
1.910000 0.228188 0.093093 0.227588 0.593800 0.258758 0.226733 0.254745 0.199510
1.915000 0.235081 0.093423 0.232207 0.609350 0.250170 0.221064 0.249420 0.190498
1.920000 0.235535 0.091245 0.230487 0.608144 0.234877 0.209456 0.237378 0.176435
1.925000 0.229630 0.086665 0.222567 0.590384 0.213394 0.192311 0.219046 0.157782
1.930000 0.217616 0.079850 0.208749 0.556716 0.186397 0.170177 0.195014 0.135115
1.935000 0.199905 0.071027 0.189493 0.508217 0.154704 0.143730 0.166019 0.109112
1.940000 0.177057 0.060469 0.165399 0.446355 0.119246 0.113751 0.132922 0.080533
1.945000 0.149761 0.048492 0.137187 0.372949 0.081048 0.081109 0.096686 0.050194
1.950000 0.118818 0.035444 0.105679 0.290112 0.041192 0.046732 0.058342 0.018947
1.955000 0.085114 0.021696 0.071774 0.200196 0.000790 0.011581 0.018966 -0.012341
1.960000 0.049598 0.007628 0.036423 0.105720 -0.039048 -0.023376 -0.020355 -0.042819
1.965000 0.013254 -0.006377 0.000601 0.009304 -0.077241 -0.057188 -0.058552 -0.071670
1.970000 -0.022925 -0.019945 -0.034716 -0.086407 -0.112771 -0.088952 -0.094599 -0.098131
1.975000 -0.057967 -0.032720 -0.068583 -0.178813 -0.144706 -0.117832 -0.127546 -0.121520
1.980000 -0.090942 -0.044375 -0.100105 -0.265428 -0.172228 -0.143083 -0.156541 -0.141245
1.985000 -0.120992 -0.054621 -0.128466 -0.343952 -0.194648 -0.164071 -0.180851 -0.156826
1.990000 -0.147346 -0.063208 -0.152944 -0.412324 -0.211429 -0.180285 -0.199883 -0.167900
1.995000 -0.169348 -0.069939 -0.172935 -0.468784 -0.222194 -0.191353 -0.213194 -0.174235
2.000000 -0.186467 -0.074669 -0.187965 -0.511912 -0.226737 -0.197049 -0.220505 0.000000
